{
    "joints": [
        [
            0.8054709054594268,
            -0.2881400560626181,
            0.33930390409174654,
            -2.3655495832968794,
            0.6887187688410319,
            1.9709370937686832,
            -1.3403336728510276
        ],
        [
            0.8043941223819552,
            -0.28814640556799587,
            0.3388751915819122,
            -2.3655011356109497,
            0.6887040251605144,
            1.9318768891882914,
            -1.3383807708407107
        ],
        [
            0.7942893191108256,
            -0.36844375233990834,
            0.30734978100376315,
            -2.3927783953009647,
            0.7211032496626061,
            1.9041872290777453,
            -1.5444348966580423
        ],
        [
            0.7902120184517362,
            -0.37417590729963435,
            0.3085473694964308,
            -2.394576776706094,
            0.7167186209102426,
            2.0101273287578576,
            -1.4441400402586302
        ],
        [
            0.7903159394796301,
            -0.31805484298597836,
            0.30875812083833387,
            -2.428369007620426,
            0.7178215175531573,
            2.131032503220258,
            -1.493755633396821
        ],
        [
            0.798973314288457,
            -0.27544692266177884,
            0.3167993375316921,
            -2.476919779740174,
            0.7183789592019347,
            2.347930476689249,
            -1.6279558222923942
        ],
        [
            0.8257660477238793,
            -0.40569740193059817,
            0.31472743892028077,
            -2.535199017135872,
            0.7185035214654878,
            2.4276866865456546,
            -1.6817286917994916
        ],
        [
            0.8307177680077388,
            -0.4377788585537653,
            0.30664620297452483,
            -2.5657031318721697,
            0.7181821312315065,
            2.6379633794712443,
            -1.435645683533417
        ],
        [
            0.7725290937841884,
            -0.6145583079033888,
            0.27760607445684155,
            -2.673785334944123,
            0.1368594123692544,
            2.0484873982615595,
            -1.006987407567023
        ],
        [
            0.7543893794707923,
            -0.6608937296060307,
            0.26679102561800255,
            -2.744255743768234,
            0.1368593102066953,
            1.9484411593337114,
            -1.006679254267492
        ],
        [
            0.741150456992449,
            -0.7236132708894617,
            0.24571470691046143,
            -2.7534469485386768,
            0.1368494498563084,
            1.7879623154693451,
            -1.0040672149828518
        ],
        [
            0.7393683095426622,
            -0.6742284731602962,
            0.2793448011453251,
            -2.7405534596017955,
            0.0442228121766104,
            1.6263206201838898,
            -0.8681633197756912
        ],
        [
            0.7539544017910083,
            -0.9927382442303659,
            0.2420612722533671,
            -2.89308205045706,
            0.07085727860547668,
            1.6233095935769688,
            -0.8057604483909995
        ],
        [
            0.9185178678098597,
            0.8263579078472542,
            0.42783682919307403,
            -1.3024890133677374,
            0.12733307149066025,
            2.175660735706629,
            -1.3001160865251253
        ],
        [
            0.9156084458835803,
            0.8263974421314961,
            0.42752351663445026,
            -1.3024746546900885,
            0.1266372583586469,
            2.1543648244665126,
            -1.2850828726035195
        ],
        [
            0.9111471917544057,
            0.8202843356037509,
            0.4274276233931743,
            -1.2945575807931797,
            0.1254116520224501,
            2.082827777182873,
            -1.256164815105947
        ],
        [
            0.9052917737468864,
            0.7816684648965169,
            0.42741571166247033,
            -1.286070900890995,
            0.12545478281489125,
            2.006336099334953,
            -1.2404752610113936
        ],
        [
            0.9024831121602443,
            0.7816803108935128,
            0.42704782281256437,
            -1.2860571749927925,
            0.12542703367317704,
            1.9668685317438706,
            -1.2401813210913655
        ],
        [
            0.9013143830543475,
            0.8066514891067461,
            0.42600296978184493,
            -1.2746460223183553,
            0.12423820217799789,
            1.9159733926671527,
            -1.198663947359734
        ],
        [
            0.7499020959944067,
            0.6260245629679564,
            0.43027978162187325,
            -1.3958957878142897,
            0.126093977039959,
            2.050540881863717,
            -1.4538578395589898
        ],
        [
            0.7298003252562416,
            0.6044598686148909,
            0.43006516225681984,
            -1.3929221384538124,
            0.12597691050342932,
            2.0294067208924673,
            -1.4519716679548844
        ],
        [
            0.7064060132430852,
            0.5900365700569481,
            0.4299388532411558,
            -1.3917265872107558,
            0.1259432073038922,
            2.0095213916403876,
            -1.452842457739181
        ],
        [
            0.7298360044753076,
            0.5719590043455041,
            0.4384284056401017,
            -1.401226242365105,
            0.12522495977287942,
            2.067556119063514,
            -1.3465051910397303
        ],
        [
            0.6370467917620677,
            0.45027762309720676,
            0.43241798229118295,
            -1.5151270673295474,
            0.10623098110269541,
            2.08309038421505,
            -1.3595992800112953
        ],
        [
            0.6127404544108338,
            0.5195592319198425,
            0.4300495284230672,
            -1.5424012618431067,
            0.06820382242450579,
            2.2895625248039395,
            -1.3670084621986716
        ],
        [
            0.598462238943338,
            0.5089778845294377,
            0.43845381998285593,
            -1.4367654880603928,
            -0.2341090033831327,
            1.99102451686663,
            -1.291430484836558
        ],
        [
            0.43085830808556713,
            0.6369754200926909,
            0.5311398763935162,
            -1.5596612906736615,
            -1.0795090327142913,
            3.451582587666357,
            -0.8087801984254321
        ]
    ],
    "eef_pose_R": [
        [
            [
                -0.4451272537726623,
                0.7650782103318914,
                -0.4653139370620207
            ],
            [
                0.7892945726602343,
                0.5806468114406704,
                0.19965810259761713
            ],
            [
                0.4229371176876131,
                -0.27839650220348106,
                -0.8623337996640056
            ]
        ],
        [
            [
                -0.4467395807790856,
                0.7486347842465707,
                -0.4898670296941988
            ],
            [
                0.792699558449538,
                0.5850731289984183,
                0.1712216217593659
            ],
            [
                0.41479049772051707,
                -0.31182590261248383,
                -0.8548177872860832
            ]
        ],
        [
            [
                -0.5581740056094536,
                0.6723978835886166,
                -0.4861305026507252
            ],
            [
                0.6633118753807025,
                0.7135911223738846,
                0.22539979158844656
            ],
            [
                0.4984567538320986,
                -0.19664383085855677,
                -0.8443175163079575
            ]
        ],
        [
            [
                -0.4844725790998876,
                0.7740275986985315,
                -0.40763659864306556
            ],
            [
                0.728397630191949,
                0.6149833450068966,
                0.302046979284483
            ],
            [
                0.4844824170504598,
                -0.1505880533678319,
                -0.8617424358541427
            ]
        ],
        [
            [
                -0.48880600794968626,
                0.7915149846121537,
                -0.36684154035048044
            ],
            [
                0.729482928011318,
                0.6014617754551298,
                0.32572747874012303
            ],
            [
                0.47845934449263877,
                -0.10838709240857476,
                -0.8713947979342598
            ]
        ],
        [
            [
                -0.577778100844698,
                0.7782475403419368,
                -0.24597404768800207
            ],
            [
                0.6755222087961485,
                0.6251063488136417,
                0.39103938177126146
            ],
            [
                0.45808537589347537,
                0.059773059354556,
                -0.8868962564854641
            ]
        ],
        [
            [
                -0.6602691646260558,
                0.7390393829683376,
                -0.13366159009150558
            ],
            [
                0.6136403021650773,
                0.6334792932812883,
                0.47132744938375115
            ],
            [
                0.43300139699862794,
                0.22918284273832268,
                -0.8717711940593231
            ]
        ],
        [
            [
                -0.4575610098178624,
                0.8879698369265321,
                0.046341029370592035
            ],
            [
                0.7380357821604548,
                0.35020147121159567,
                0.5767686831061822
            ],
            [
                0.4959244968190861,
                0.29810819893102886,
                -0.8155920519382434
            ]
        ],
        [
            [
                -0.361892567021483,
                0.9320491844187302,
                0.0178350149700377
            ],
            [
                0.9311454082277315,
                0.36232758548998484,
                -0.04107249115172962
            ],
            [
                -0.04474369979128668,
                0.0017431630381568308,
                -0.998996978329569
            ]
        ],
        [
            [
                -0.3277212533209657,
                0.9431132180911594,
                -0.05600212481212244
            ],
            [
                0.9378023775811449,
                0.3175428347424538,
                -0.1403326359293463
            ],
            [
                -0.11456649041009861,
                -0.09850891312700452,
                -0.9885193540389834
            ]
        ],
        [
            [
                -0.29978992499397905,
                0.9448726964488658,
                -0.13168746477001333
            ],
            [
                0.9393422430096763,
                0.26824797965308234,
                -0.21372686286377232
            ],
            [
                -0.166619780847457,
                -0.1877727587204508,
                -0.9679768797408629
            ]
        ],
        [
            [
                -0.23577534562123909,
                0.9579817885679585,
                -0.16334282711316236
            ],
            [
                0.8926299139262333,
                0.1470315502947393,
                -0.42613795886070865
            ],
            [
                -0.384215854906107,
                -0.2462775182392028,
                -0.8897896160602845
            ]
        ],
        [
            [
                -0.09204864639613936,
                0.9921065681500815,
                -0.08515635108496705
            ],
            [
                0.9521801866933479,
                0.06267652863537326,
                -0.2990393700281628
            ],
            [
                -0.291341618663142,
                -0.10861035950445479,
                -0.9504335069025363
            ]
        ],
        [
            [
                -0.6871076867953665,
                0.6403539266843083,
                -0.3432635653935733
            ],
            [
                0.5996186443817312,
                0.7665830403736834,
                0.22979974656481855
            ],
            [
                0.4102931976727566,
                -0.047930061458620186,
                -0.910693253050684
            ]
        ],
        [
            [
                -0.6780832845350779,
                0.6456914766282581,
                -0.3511204583098801
            ],
            [
                0.6144081451872485,
                0.76015609483088,
                0.21134176733204213
            ],
            [
                0.4033679342259192,
                -0.07242394977551066,
                -0.912167244060665
            ]
        ],
        [
            [
                -0.6660237454063997,
                0.6459622954860329,
                -0.37302155884780497
            ],
            [
                0.639883152310496,
                0.7517708766584172,
                0.15934271366277653
            ],
            [
                0.38335612939408453,
                -0.13256417999840658,
                -0.9140376448688183
            ]
        ],
        [
            [
                -0.6695821425527799,
                0.6393871134169393,
                -0.3779469189856992
            ],
            [
                0.6465178069082845,
                0.7522241006614485,
                0.12717557837327415
            ],
            [
                0.36561520718500046,
                -0.1591949169428115,
                -0.917050979332469
            ]
        ],
        [
            [
                -0.6724250071998832,
                0.6275492464772622,
                -0.39246216752453666
            ],
            [
                0.6502545451396355,
                0.7541521411807608,
                0.09178003311025412
            ],
            [
                0.35357267459106995,
                -0.19348511880321506,
                -0.9151775087840737
            ]
        ],
        [
            [
                -0.6466855411812873,
                0.6367498422554004,
                -0.41993743488142166
            ],
            [
                0.6886650066285964,
                0.7241116728041974,
                0.03745389103874375
            ],
            [
                0.32793035765586104,
                -0.2649753265804751,
                -0.9067798833406429
            ]
        ],
        [
            [
                -0.7471022706980032,
                0.6032690164954315,
                -0.2791141179777946
            ],
            [
                0.559874547665606,
                0.7974503232638377,
                0.2249743825475119
            ],
            [
                0.3582997181049977,
                0.01180998150022506,
                -0.9335319150103243
            ]
        ],
        [
            [
                -0.7409780374531778,
                0.6152900260357965,
                -0.2690162297574369
            ],
            [
                0.5714857429766339,
                0.7881464053397885,
                0.22853728213229121
            ],
            [
                0.35264088473471417,
                0.015602166863566615,
                -0.9356286543296328
            ]
        ],
        [
            [
                -0.732422259182232,
                0.6278441016453968,
                -0.26338074774645104
            ],
            [
                0.5851886243232028,
                0.7782348876262511,
                0.22782610395666575
            ],
            [
                0.34801136219542095,
                0.012737492313664986,
                -0.9374037807009565
            ]
        ],
        [
            [
                -0.6823191062484713,
                0.6924412072578597,
                -0.2344478870443601
            ],
            [
                0.636624135672593,
                0.7204502085861595,
                0.27506582271755015
            ],
            [
                0.35937493948161064,
                0.03842748286625791,
                -0.9324017274936549
            ]
        ],
        [
            [
                -0.6655930102644025,
                0.730698198637875,
                -0.15187523561968652
            ],
            [
                0.6824929762619035,
                0.6782782476214952,
                0.2722902057670863
            ],
            [
                0.30197563153396895,
                0.0775806761434708,
                -0.9501536489688299
            ]
        ],
        [
            [
                -0.6502617018755114,
                0.757043796824004,
                -0.06359566623803681
            ],
            [
                0.693032199228543,
                0.62540159244482,
                0.35857944586929735
            ],
            [
                0.3112331761017978,
                0.1890966362941961,
                -0.9313304312840893
            ]
        ],
        [
            [
                -0.7067997349098964,
                0.7051085354748564,
                0.05706214096757464
            ],
            [
                0.7072912742075796,
                0.7028740779091016,
                0.07554524494134873
            ],
            [
                0.013160097306580517,
                0.09375491349221686,
                -0.9955083264518425
            ]
        ],
        [
            [
                -0.9373190947451735,
                0.2008802792881832,
                0.28474554960383514
            ],
            [
                0.3277878153150433,
                0.23092283769715397,
                0.9160948592590644
            ],
            [
                0.11827114084627643,
                0.9520093258067357,
                -0.28229449307403226
            ]
        ]
    ],
    "eef_pose_t": [
        [
            0.1457484726533405,
            0.4288226380618269,
            0.4310549615996575
        ],
        [
            0.1421024074993504,
            0.4261177089335175,
            0.4289499381923483
        ],
        [
            0.14763604025301663,
            0.4073873435855886,
            0.45020448700370164
        ],
        [
            0.1603148730359492,
            0.41159782043395127,
            0.45785897607000003
        ],
        [
            0.17611174214063238,
            0.41440393999305075,
            0.42718137381682536
        ],
        [
            0.1920305656003685,
            0.41618961994637055,
            0.40263638888644704
        ],
        [
            0.17875953809428924,
            0.4007113384515725,
            0.4377759980179807
        ],
        [
            0.1955435615856876,
            0.3924122236926278,
            0.45870185245585227
        ],
        [
            0.17223204611257506,
            0.3074109599016894,
            0.41534614222258337
        ],
        [
            0.16649072684964616,
            0.27456440453740605,
            0.39158324954442497
        ],
        [
            0.15909028648885645,
            0.2490147717034083,
            0.39687803981150993
        ],
        [
            0.14972717862502236,
            0.23617350161239453,
            0.3803465981705745
        ],
        [
            0.12738424802965573,
            0.18880843771911812,
            0.39597357244253245
        ],
        [
            0.24272047084012494,
            0.7143016478186573,
            0.28982779141227033
        ],
        [
            0.24334693755201936,
            0.7118881010457894,
            0.2879085149592511
        ],
        [
            0.24294412138028348,
            0.7064029908190955,
            0.2898558964305624
        ],
        [
            0.24373407500521005,
            0.7006136775051165,
            0.31484550550231627
        ],
        [
            0.24293721823472225,
            0.6963473241873499,
            0.31180968310791524
        ],
        [
            0.24236213993958264,
            0.6922076429709728,
            0.29570496795530915
        ],
        [
            0.32795034924707556,
            0.6453369007775245,
            0.3763104686665775
        ],
        [
            0.3390056742723934,
            0.6366311280408585,
            0.3904374520975129
        ],
        [
            0.3517951599083177,
            0.6266391127331934,
            0.39897082153163643
        ],
        [
            0.334665338140884,
            0.6391100264239017,
            0.4131311233295161
        ],
        [
            0.3694895466651452,
            0.5886808829119666,
            0.4393007627975216
        ],
        [
            0.40153480039289347,
            0.5905203090421847,
            0.40122345486833416
        ],
        [
            0.4167341339096421,
            0.5681019081453583,
            0.42755894289897867
        ],
        [
            0.3988845855384637,
            0.5819247268520049,
            0.45568456515883304
        ]
    ],
    "apriltag_pose_R": [
        [
            [
                0.9972638314621621,
                0.06220541626619164,
                -0.03994166552058671
            ],
            [
                -0.06792992698775857,
                0.9842527750544374,
                -0.16319313655015158
            ],
            [
                0.029161198138045984,
                0.16545984704691488,
                0.9857853029632594
            ]
        ],
        [
            [
                0.9943623895372502,
                0.09796951998506759,
                -0.040563671279430356
            ],
            [
                -0.10280628900559902,
                0.9844349864724906,
                -0.142543412158556
            ],
            [
                0.025967387521033197,
                0.14591000843945612,
                0.988957008278181
            ]
        ],
        [
            [
                0.9752968259398145,
                0.040989648743937124,
                -0.21706208790936304
            ],
            [
                -0.06739762763657414,
                0.9909960500302247,
                -0.11569091845712887
            ],
            [
                0.21036554161907098,
                0.12746245533623224,
                0.9692779071963695
            ]
        ],
        [
            [
                0.9907095086239558,
                -0.05373551258653462,
                -0.124928636465555
            ],
            [
                0.029422459496681527,
                0.9815607805750238,
                -0.18887231907856528
            ],
            [
                0.13277420080439784,
                0.18344189468060892,
                0.9740226295506392
            ]
        ],
        [
            [
                0.989150577169087,
                -0.08561479059353144,
                -0.11937857143427341
            ],
            [
                0.05631668075966148,
                0.9715307306194334,
                -0.23012273014694484
            ],
            [
                0.13568186007818636,
                0.22090302644756812,
                0.9658117237598788
            ]
        ],
        [
            [
                0.9596931220301224,
                -0.18012271125376367,
                -0.21574271811273424
            ],
            [
                0.09802463155991387,
                0.9339478847466531,
                -0.34370411720664057
            ],
            [
                0.26340137269122293,
                0.3087023768419127,
                0.9139598237321667
            ]
        ],
        [
            [
                0.9114478628536722,
                -0.2896473133714278,
                -0.2921767053619907
            ],
            [
                0.1353096062946062,
                0.8817081855078186,
                -0.451975647632601
            ],
            [
                0.3885281247784673,
                0.3724179231256524,
                0.8428231052782685
            ]
        ],
        [
            [
                0.8910913936449616,
                -0.45315761807867877,
                -0.02458254155163997
            ],
            [
                0.3710282861107784,
                0.7586431920607737,
                -0.5355357299429594
            ],
            [
                0.26133147356868075,
                0.4680904616813916,
                0.8441547136664721
            ]
        ],
        [
            [
                0.9825352706824287,
                0.1579600932051019,
                0.09835166912484268
            ],
            [
                -0.054136014644002806,
                0.7483519704188253,
                -0.6610889654870418
            ],
            [
                -0.1780273399887538,
                0.6442188582499727,
                0.743833535740108
            ]
        ],
        [
            [
                0.9521644152623677,
                0.26738082490102777,
                0.1479541171556852
            ],
            [
                -0.11031605243622541,
                0.7522713998517803,
                -0.6495522377299084
            ],
            [
                -0.2849794639670729,
                0.6021588124741593,
                0.7457824546586962
            ]
        ],
        [
            [
                0.91416673653546,
                0.3591967932829061,
                0.18782130205965508
            ],
            [
                -0.16548022248864794,
                0.7537216546648591,
                -0.6360188387574501
            ],
            [
                -0.37002090991890524,
                0.5503465553490317,
                0.7484672305707449
            ]
        ],
        [
            [
                0.7890756389172318,
                0.5679141575162763,
                0.23416478334698643
            ],
            [
                -0.2563548107886325,
                0.650842809669849,
                -0.7146228712311002
            ],
            [
                -0.5582489113763566,
                0.503862229973269,
                0.6591517322691927
            ]
        ],
        [
            [
                0.8404510284303213,
                0.41284738190681125,
                0.3509973049228532
            ],
            [
                -0.04130631191481682,
                0.6946553968393285,
                -0.7181557409350644
            ],
            [
                -0.5403108895871068,
                0.5890763268836109,
                0.6008770454085448
            ]
        ],
        [
            [
                0.9341461306063077,
                0.02640332831614789,
                -0.35591272936928275
            ],
            [
                -0.11461626285690102,
                0.9666270509632853,
                -0.22911843364238502
            ],
            [
                0.3379853827637822,
                0.25482348518111886,
                0.9059971702153201
            ]
        ],
        [
            [
                0.9358936294871459,
                0.042388919649472515,
                -0.3497231673428677
            ],
            [
                -0.12609272856486609,
                0.9672715043367958,
                -0.22019641391516673
            ],
            [
                0.3289433660806126,
                0.25017796943172876,
                0.910608173432774
            ]
        ],
        [
            [
                0.943703315281242,
                0.09809670744593052,
                -0.3159131031082145
            ],
            [
                -0.1692274061245596,
                0.9637530311019649,
                -0.2062575575782105
            ],
            [
                0.28422902340110734,
                0.24810709588813246,
                0.9260975819137041
            ]
        ],
        [
            [
                0.9424248383206378,
                0.1199679885530025,
                -0.3121587830557824
            ],
            [
                -0.1945947921521919,
                0.9558618876162543,
                -0.22013840798446943
            ],
            [
                0.2719711215985359,
                0.2682083770601472,
                0.9241731306909958
            ]
        ],
        [
            [
                0.9355269810307779,
                0.16605440264458027,
                -0.3117935264334245
            ],
            [
                -0.22930356417271275,
                0.956863863474966,
                -0.17841362681547684
            ],
            [
                0.2687175900850734,
                0.23840612856659799,
                0.9332488278271541
            ]
        ],
        [
            [
                0.9434646557563123,
                0.22142898551056422,
                -0.2466650516680159
            ],
            [
                -0.2677382538492017,
                0.9477878753881296,
                -0.17324656040751985
            ],
            [
                0.1954243351387001,
                0.22949367669506363,
                0.9534893715152669
            ]
        ],
        [
            [
                0.8618358804890333,
                0.007156732784458414,
                -0.5071367628929548
            ],
            [
                -0.1689632016277039,
                0.9468356133014322,
                -0.27377683956064836
            ],
            [
                0.47821580023814475,
                0.3216381547017594,
                0.8172261289524693
            ]
        ],
        [
            [
                0.8566472278524689,
                -0.0005765488413818631,
                -0.5159023111056141
            ],
            [
                -0.16987717472233038,
                0.9439159861926021,
                -0.28313310742194386
            ],
            [
                0.48713167883133945,
                0.33018521862960604,
                0.8085050704092586
            ]
        ],
        [
            [
                0.8694162323368697,
                0.0025363142401528815,
                -0.4940738629590084
            ],
            [
                -0.16910247938581258,
                0.9411215035481588,
                -0.29273651467629414
            ],
            [
                0.4642410649810426,
                0.3380589928833849,
                0.8186552088125616
            ]
        ],
        [
            [
                0.9492291504764716,
                -0.030160033563976285,
                -0.31313637965131985
            ],
            [
                -0.06710621322870541,
                0.9530700487642183,
                -0.2952189666919679
            ],
            [
                0.3073447185682865,
                0.3012438456201048,
                0.9026579470896997
            ]
        ],
        [
            [
                0.965184344964797,
                -0.08199791780028864,
                -0.24838583234816827
            ],
            [
                -0.04267923375135957,
                0.8874993787863987,
                -0.4588282202089946
            ],
            [
                0.25806523059349173,
                0.4534547321730957,
                0.8531008982696913
            ]
        ],
        [
            [
                0.9425210133987161,
                -0.1958918807749214,
                -0.27070373168525336
            ],
            [
                0.02850800419699679,
                0.8543212363068843,
                -0.518962926317267
            ],
            [
                0.33292857041497903,
                0.48141624010988765,
                0.8108002039712973
            ]
        ],
        [
            [
                0.9421135981649447,
                0.056035909967091235,
                -0.3305781979303242
            ],
            [
                -0.2502787220689394,
                0.7736154046378388,
                -0.5821338050539333
            ],
            [
                0.22311998886751302,
                0.6311728626146662,
                0.7428581883957183
            ]
        ],
        [
            [
                0.3080676563868725,
                -0.908035119480599,
                -0.28384245784969175
            ],
            [
                0.1367115655679894,
                0.3375097353883529,
                -0.9313415734079703
            ],
            [
                0.9414904497275844,
                0.24811166902815834,
                0.22811473596375237
            ]
        ]
    ],
    "apriltag_pose_t": [
        [
            [
                7.979538784553613
            ],
            [
                -13.01233497784824
            ],
            [
                30.905074254174828
            ]
        ],
        [
            [
                8.552064962169766
            ],
            [
                -12.910819723752905
            ],
            [
                30.645986553572016
            ]
        ],
        [
            [
                10.103271617678612
            ],
            [
                -15.738803377230925
            ],
            [
                31.04956623807476
            ]
        ],
        [
            [
                8.61313459630341
            ],
            [
                -16.401414995621607
            ],
            [
                31.183178387042673
            ]
        ],
        [
            [
                8.111680121038336
            ],
            [
                -14.454930767581107
            ],
            [
                35.229050167183
            ]
        ],
        [
            [
                7.41454994503316
            ],
            [
                -12.90584224426494
            ],
            [
                39.65367610086715
            ]
        ],
        [
            [
                8.423346630374912
            ],
            [
                -15.246791980165911
            ],
            [
                37.18460730819458
            ]
        ],
        [
            [
                7.090866970944264
            ],
            [
                -17.336889140942088
            ],
            [
                36.474934883982314
            ]
        ],
        [
            [
                20.688500818025076
            ],
            [
                -17.561317518535958
            ],
            [
                37.38489017329161
            ]
        ],
        [
            [
                25.16207152174026
            ],
            [
                -16.759032083504657
            ],
            [
                38.36378878250629
            ]
        ],
        [
            [
                28.15446573996787
            ],
            [
                -17.877008000789253
            ],
            [
                36.95050935253377
            ]
        ],
        [
            [
                30.110959987285675
            ],
            [
                -16.81761700179287
            ],
            [
                36.531818550323706
            ]
        ],
        [
            [
                35.5892189425422
            ],
            [
                -17.16189149259914
            ],
            [
                34.74606012075998
            ]
        ],
        [
            [
                -25.0188773851673
            ],
            [
                3.3708256538866213
            ],
            [
                48.536504551020876
            ]
        ],
        [
            [
                -24.704014531156655
            ],
            [
                3.3125035189651513
            ],
            [
                48.654890953387834
            ]
        ],
        [
            [
                -23.900369748840816
            ],
            [
                2.656326227605865
            ],
            [
                48.18222634917091
            ]
        ],
        [
            [
                -23.562467470237387
            ],
            [
                -0.03119699801292146
            ],
            [
                46.151678047221026
            ]
        ],
        [
            [
                -23.010422518557583
            ],
            [
                -0.12980414823589942
            ],
            [
                46.516791569201295
            ]
        ],
        [
            [
                -22.094976680539776
            ],
            [
                0.8434768332133454
            ],
            [
                47.12106910468533
            ]
        ],
        [
            [
                -22.021040431855454
            ],
            [
                -13.04763611183306
            ],
            [
                50.97587533442587
            ]
        ],
        [
            [
                -21.69510614432779
            ],
            [
                -15.15409310364041
            ],
            [
                50.92779573177071
            ]
        ],
        [
            [
                -21.20052215620162
            ],
            [
                -17.046235931586267
            ],
            [
                51.4168166684001
            ]
        ],
        [
            [
                -22.38702460168964
            ],
            [
                -16.42976795687892
            ],
            [
                48.55437705358382
            ]
        ],
        [
            [
                -18.994127420945453
            ],
            [
                -22.717572237299972
            ],
            [
                50.73027946180147
            ]
        ],
        [
            [
                -19.931843202991356
            ],
            [
                -21.134922489685504
            ],
            [
                56.796664048279126
            ]
        ],
        [
            [
                -17.464647587368002
            ],
            [
                -27.292354230338677
            ],
            [
                56.62868085736777
            ]
        ],
        [
            [
                -26.326877590856363
            ],
            [
                -26.6021561707566
            ],
            [
                56.77437313874613
            ]
        ]
    ]
}