{
    "joints": [
        [
            0.8058405350182253,
            -0.28814129898044566,
            0.33981904716953804,
            -2.3660247337088935,
            0.6888305690157397,
            2.013752926509399,
            -1.3403295747999053
        ],
        [
            0.8058405350182253,
            -0.28814129898044566,
            0.33981904716953804,
            -2.3660247337088935,
            0.6888305690157397,
            2.013752926509399,
            -1.3403295747999053
        ],
        [
            0.8058405350182253,
            -0.28814129898044566,
            0.33981904716953804,
            -2.3660247337088935,
            0.6888305690157397,
            2.013752926509399,
            -1.3403295747999053
        ],
        [
            0.8058405350182253,
            -0.28814129898044566,
            0.33981904716953804,
            -2.3660247337088935,
            0.6888305690157397,
            2.013752926509399,
            -1.3403295747999053
        ],
        [
            0.8058405350182253,
            -0.28814129898044566,
            0.33981904716953804,
            -2.3660247337088935,
            0.6888305690157397,
            2.013752926509399,
            -1.3403295747999053
        ],
        [
            0.8058405350182253,
            -0.28814129898044566,
            0.33981904716953804,
            -2.3660247337088935,
            0.6888305690157397,
            2.013752926509399,
            -1.3403295747999053
        ],
        [
            0.8058405350182253,
            -0.28814129898044566,
            0.33981904716953804,
            -2.3660247337088935,
            0.6888305690157397,
            2.013752926509399,
            -1.3403295747999053
        ],
        [
            0.8058405350182253,
            -0.28814129898044566,
            0.33981904716953804,
            -2.3660247337088935,
            0.6888305690157397,
            2.013752926509399,
            -1.3403295747999053
        ]
    ],
    "eef_pose_R": [
        [
            [
                -0.44123216309679214,
                0.7834162988178712,
                -0.4376906224668672
            ],
            [
                0.7870604519643893,
                0.5721392329209352,
                0.23063508645966108
            ],
            [
                0.4311032628066474,
                -0.24272536105473547,
                -0.8690422175581062
            ]
        ],
        [
            [
                -0.44123216309679214,
                0.7834162988178712,
                -0.4376906224668672
            ],
            [
                0.7870604519643893,
                0.5721392329209352,
                0.23063508645966108
            ],
            [
                0.4311032628066474,
                -0.24272536105473547,
                -0.8690422175581062
            ]
        ],
        [
            [
                -0.44123216309679214,
                0.7834162988178712,
                -0.4376906224668672
            ],
            [
                0.7870604519643893,
                0.5721392329209352,
                0.23063508645966108
            ],
            [
                0.4311032628066474,
                -0.24272536105473547,
                -0.8690422175581062
            ]
        ],
        [
            [
                -0.44123216309679214,
                0.7834162988178712,
                -0.4376906224668672
            ],
            [
                0.7870604519643893,
                0.5721392329209352,
                0.23063508645966108
            ],
            [
                0.4311032628066474,
                -0.24272536105473547,
                -0.8690422175581062
            ]
        ],
        [
            [
                -0.44123216309679214,
                0.7834162988178712,
                -0.4376906224668672
            ],
            [
                0.7870604519643893,
                0.5721392329209352,
                0.23063508645966108
            ],
            [
                0.4311032628066474,
                -0.24272536105473547,
                -0.8690422175581062
            ]
        ],
        [
            [
                -0.44123216309679214,
                0.7834162988178712,
                -0.4376906224668672
            ],
            [
                0.7870604519643893,
                0.5721392329209352,
                0.23063508645966108
            ],
            [
                0.4311032628066474,
                -0.24272536105473547,
                -0.8690422175581062
            ]
        ],
        [
            [
                -0.44123216309679214,
                0.7834162988178712,
                -0.4376906224668672
            ],
            [
                0.7870604519643893,
                0.5721392329209352,
                0.23063508645966108
            ],
            [
                0.4311032628066474,
                -0.24272536105473547,
                -0.8690422175581062
            ]
        ],
        [
            [
                -0.44123216309679214,
                0.7834162988178712,
                -0.4376906224668672
            ],
            [
                0.7870604519643893,
                0.5721392329209352,
                0.23063508645966108
            ],
            [
                0.4311032628066474,
                -0.24272536105473547,
                -0.8690422175581062
            ]
        ]
    ],
    "eef_pose_t": [
        [
            0.1500271876586594,
            0.43144525238454273,
            0.43336100358339225
        ],
        [
            0.1500271876586594,
            0.43144525238454273,
            0.43336100358339225
        ],
        [
            0.1500271876586594,
            0.43144525238454273,
            0.43336100358339225
        ],
        [
            0.1500271876586594,
            0.43144525238454273,
            0.43336100358339225
        ],
        [
            0.1500271876586594,
            0.43144525238454273,
            0.43336100358339225
        ],
        [
            0.1500271876586594,
            0.43144525238454273,
            0.43336100358339225
        ],
        [
            0.1500271876586594,
            0.43144525238454273,
            0.43336100358339225
        ],
        [
            0.1500271876586594,
            0.43144525238454273,
            0.43336100358339225
        ]
    ],
    "apriltag_pose_R": [
        [
            [
                0.9986731773933019,
                0.026910743033695728,
                -0.043905542526454205
            ],
            [
                -0.03416951492373743,
                0.9841511422241936,
                -0.17400854435541857
            ],
            [
                0.0385269906045667,
                0.17527789697560153,
                0.9837648752759809
            ]
        ],
        [
            [
                0.9986696696610653,
                0.027451926702024176,
                -0.04364954317521799
            ],
            [
                -0.034681426257905656,
                0.9840257257958538,
                -0.17461549084963968
            ],
            [
                0.03815874174780903,
                0.17589702297733703,
                0.9836687184900891
            ]
        ],
        [
            [
                0.9988354210718895,
                0.02603947102243387,
                -0.040617084595194926
            ],
            [
                -0.03272529947738284,
                0.984242335979945,
                -0.17377018973016128
            ],
            [
                0.03545217040262831,
                0.17489702688614367,
                0.9839482575827504
            ]
        ],
        [
            [
                0.9986724417795843,
                0.02763611890919304,
                -0.04346951761452023
            ],
            [
                -0.034827718251121687,
                0.9840365569861491,
                -0.17452531207898042
            ],
            [
                0.037952392169962525,
                0.1758075636782501,
                0.9836926941286569
            ]
        ],
        [
            [
                0.998702307969584,
                0.027255873090290372,
                -0.04302112781311938
            ],
            [
                -0.034338244250000316,
                0.9842196746693239,
                -0.17358720279916087
            ],
            [
                0.037610969650543336,
                0.1748392100642635,
                0.9838783794687482
            ]
        ],
        [
            [
                0.9986905511082004,
                0.027367534530213622,
                -0.04322269289316208
            ],
            [
                -0.0345065765272865,
                0.9841080137754193,
                -0.17418585878126175
            ],
            [
                0.03776876094824355,
                0.17544923846154672,
                0.983763734552
            ]
        ],
        [
            [
                0.9986166045314115,
                0.02782662881522091,
                -0.04461564616739446
            ],
            [
                -0.03522901390349076,
                0.9839699426001405,
                -0.17482010364618988
            ],
            [
                0.03903580066479832,
                0.17615002352613193,
                0.9835890277337386
            ]
        ],
        [
            [
                0.9986020389608661,
                0.027412242527378727,
                -0.045194432652933755
            ],
            [
                -0.03480525968863085,
                0.9844978654022438,
                -0.17190854230210084
            ],
            [
                0.03978142382076541,
                0.1732412248226339,
                0.984075665963114
            ]
        ]
    ],
    "apriltag_pose_t": [
        [
            [
                7.401428391012032
            ],
            [
                -13.150039967174795
            ],
            [
                31.202170115645487
            ]
        ],
        [
            [
                7.401681353205971
            ],
            [
                -13.149303972572444
            ],
            [
                31.207013962304714
            ]
        ],
        [
            [
                7.394991469599517
            ],
            [
                -13.141254516081139
            ],
            [
                31.19261345803882
            ]
        ],
        [
            [
                7.401866295777709
            ],
            [
                -13.143540475900426
            ],
            [
                31.20810361869861
            ]
        ],
        [
            [
                7.401665883256427
            ],
            [
                -13.147910203645289
            ],
            [
                31.2082027403291
            ]
        ],
        [
            [
                7.401218883790565
            ],
            [
                -13.149655173447908
            ],
            [
                31.20597399789359
            ]
        ],
        [
            [
                7.400371679170679
            ],
            [
                -13.143658611127771
            ],
            [
                31.203733181504536
            ]
        ],
        [
            [
                7.398868777959766
            ],
            [
                -13.14451359167603
            ],
            [
                31.196699756259115
            ]
        ]
    ]
}