{
    "joints": [
        [
            0.6534666152841556,
            0.35070156442141664,
            0.3764494740948838,
            -1.5848637437473574,
            0.3334840071280186,
            1.6536175371125612,
            -1.4029220027248193
        ],
        [
            0.8070251078242072,
            0.3590182014515198,
            0.3915364668237254,
            -1.600273569104551,
            0.309903663028745,
            1.6120626737220305,
            -1.1307595644099449
        ],
        [
            0.793937283898552,
            0.37864736217955103,
            0.39060685510195453,
            -1.6013013401358043,
            0.22999263665758346,
            1.676849685371558,
            -1.1055189090206787
        ],
        [
            0.7641425535835519,
            0.3605803259921068,
            0.3907838092494309,
            -1.6054023713596643,
            0.23029369154127174,
            1.7851148563677686,
            -1.1953066686871952
        ],
        [
            0.7662824657663836,
            0.44481888484072035,
            0.3908055690087535,
            -1.604875301876777,
            0.18214020993438557,
            1.7821890140984866,
            -1.1436153141722316
        ],
        [
            0.8904214000061161,
            0.5591122712711086,
            0.4016482201619935,
            -1.5339784355506814,
            0.1343591432088711,
            1.4955901589457328,
            -0.7562426619312499
        ],
        [
            0.8314999445166931,
            0.3919691922854042,
            0.40176871712391704,
            -1.7388598783364149,
            0.16538459463205601,
            1.9562365193517355,
            -1.0506590707150076
        ],
        [
            0.8204111298752194,
            -0.05474776031727504,
            0.4151971809577103,
            -2.138013680278006,
            0.16299391904181426,
            1.7880211403108215,
            -1.370161368445202
        ],
        [
            0.8076338526363254,
            -0.18791561673791424,
            0.41183843876657833,
            -2.2297164574208512,
            0.30437926846549984,
            1.845328418507619,
            -1.1574516938563533
        ],
        [
            0.8245732077272203,
            -0.2987071573495361,
            0.4135989019770576,
            -2.363717844290059,
            0.30864661664654325,
            1.9685523346313913,
            -1.04156557800685
        ],
        [
            0.8244643746944192,
            -0.3051370278882681,
            0.4105440370310627,
            -2.3775845058130045,
            0.30858970448278666,
            1.8686245012457292,
            -1.0531470432004617
        ],
        [
            0.7888365170567171,
            -0.26629105302206046,
            0.40911592326882595,
            -2.373743214918906,
            0.30858330357035596,
            1.8152749777710457,
            -1.0512693539783344
        ],
        [
            0.8033790589429826,
            -0.08912769291317546,
            0.41889150956544247,
            -2.2546767958703855,
            0.3085813679886383,
            1.7748585627633238,
            -1.0511416040485244
        ],
        [
            0.800801921994642,
            -0.12321213714635873,
            0.41770547502185806,
            -2.1986347427103046,
            0.3085947956126784,
            1.6344887264415235,
            -1.0628688345283814
        ],
        [
            0.8081338842165687,
            -0.1628825795755063,
            0.42038266408689745,
            -2.1986077632602625,
            0.3125866753563713,
            1.6452628270735106,
            -0.7711654871742303
        ],
        [
            0.8069335152009861,
            -0.17269416629733267,
            0.4185052416749466,
            -2.198771407580837,
            0.3083045304914164,
            1.6126311231113146,
            -0.9192542183398907
        ],
        [
            0.8590621034061244,
            -0.33443837226532314,
            0.44554123295651693,
            -2.3610394942698836,
            0.36759972799177076,
            1.8494986459128981,
            -0.9396370966100781
        ],
        [
            0.9168938679478603,
            -0.41372011394876174,
            0.4495774235211468,
            -2.5321996297731344,
            0.4168296178637354,
            2.081533001911296,
            -0.8183428794293359
        ],
        [
            0.9252820376572052,
            -0.3689891476252553,
            0.46122865152433495,
            -2.532169879642844,
            0.41681715485841975,
            2.087314679429501,
            -0.7872850229128802
        ],
        [
            0.9273190045782498,
            -0.3083566653925088,
            0.4699927672996525,
            -2.5383610145451314,
            0.41668728141474404,
            2.0783579815225637,
            -0.7872903062919823
        ],
        [
            0.9472519586556299,
            -0.42023716617001267,
            0.46817925544951605,
            -2.62325639153622,
            0.4249772998515678,
            2.1798746772287627,
            -0.7405241863641817
        ],
        [
            0.9489605616927318,
            -0.3335485391260566,
            0.47050578932358716,
            -2.6224584843479515,
            0.42496086775583614,
            2.1851752046295156,
            -0.7440726891928363
        ],
        [
            0.948158495250501,
            -0.49025354499458695,
            0.4555431496026303,
            -2.588509173553145,
            0.42673771105263936,
            2.0509720244232432,
            -0.8012930048651016
        ],
        [
            0.9467265844120591,
            -0.5400925328822705,
            0.4376270211976137,
            -2.526468170438226,
            0.4264128334778706,
            1.9311638747469884,
            -0.7974878884675444
        ],
        [
            0.9475332171854679,
            -0.624476306963983,
            0.43755611274371137,
            -2.5383843989988004,
            0.4263806016778198,
            1.9373349401542432,
            -0.8343095124163418
        ],
        [
            0.9562881067164223,
            -0.5073069606500721,
            0.44314979667049675,
            -2.564445352266553,
            0.42694152341309394,
            2.159611592591746,
            -0.6503405264007526
        ],
        [
            0.9218158250071904,
            -0.41736387287016846,
            0.43303420585362334,
            -2.530651278266518,
            0.4267057785640946,
            2.1557553286589277,
            -0.6527529028518239
        ],
        [
            0.9081129044390992,
            -0.2655938299671789,
            0.4321801652789342,
            -2.4537144158327844,
            0.42611121062785995,
            2.186293967609811,
            -0.7842320845148804
        ],
        [
            0.9086158959581286,
            -0.15127537205613573,
            0.4341928593265495,
            -2.398694054738534,
            0.42922820908787684,
            2.330750732558316,
            -1.0176227474172679
        ],
        [
            0.9039087714986151,
            -0.20291183623983372,
            0.42959560648482203,
            -2.3640184507797137,
            0.43595190117593097,
            2.2573138953825316,
            -1.264124965956365
        ],
        [
            0.9030974794179651,
            -0.2048370156921443,
            0.42828438182931516,
            -2.3605034830517386,
            0.5034397687852805,
            2.29964874256379,
            -1.2424697316166173
        ],
        [
            0.9162137538671183,
            -0.13209777229311168,
            0.4343167773463084,
            -2.337196365447916,
            0.5234275174646139,
            2.4347801822300807,
            -1.2654960191995581
        ],
        [
            0.9096060661016867,
            -0.03609995101786124,
            0.4335235135383639,
            -2.243212298681253,
            0.5186746130455886,
            2.290637672420066,
            -1.263287766491267
        ],
        [
            0.8915990683747362,
            0.07720208433093882,
            0.43278719512312747,
            -2.1569368135579525,
            0.5181286053690691,
            2.2393142013179332,
            -1.268856625456195
        ],
        [
            0.8489335686370885,
            0.20925884680390583,
            0.4312825676237743,
            -2.032566462076325,
            0.510684246112218,
            2.164122203069155,
            -1.2077525657665469
        ],
        [
            0.8075224029428021,
            0.20678014592294466,
            0.4314012643005463,
            -1.9297166343631826,
            0.5259674005989604,
            1.982282132159695,
            -1.1611401077941221
        ],
        [
            0.8104872055348903,
            0.3366346554911876,
            0.47502699794421227,
            -1.8614036125628046,
            0.5246746554935362,
            2.206796978439286,
            -1.2481284186046149
        ],
        [
            0.812654055179472,
            0.3917167053029493,
            0.4942987397160285,
            -1.8304546538705386,
            0.5241221140340031,
            2.3197853534877795,
            -1.2848249426573044
        ],
        [
            0.8118902951544757,
            0.39726378942318896,
            0.49358446358334235,
            -1.829966455062909,
            0.5240597297230173,
            2.3215046357476394,
            -1.3745949521084089
        ],
        [
            0.8130063834178772,
            0.4271797744904017,
            0.4933242486230836,
            -1.781589716171951,
            0.4608085812610476,
            2.2195909123425346,
            -1.1968407658665932
        ],
        [
            0.8100701010051254,
            0.4763031619307395,
            0.49220432556984656,
            -1.780333777904224,
            0.4607024262642161,
            2.218118804456833,
            -1.1842809339213176
        ],
        [
            0.7848671029665735,
            0.510022115247215,
            0.49005635088223437,
            -1.7796944355136595,
            0.46071784473722543,
            2.2414624402659165,
            -1.1997644462809511
        ],
        [
            0.8205728113078173,
            0.504454348747793,
            0.4910915405118061,
            -1.7276819362426419,
            0.40048049091325355,
            2.1247179623200148,
            -1.1415726944061022
        ],
        [
            0.8404785329825996,
            0.5214199682265811,
            0.5064291409120143,
            -1.7279466018220688,
            0.40018791138377924,
            2.168710391635874,
            -1.1359370932022401
        ],
        [
            0.8421051723462332,
            0.5214131301604952,
            0.5608011402313654,
            -1.7278601915236889,
            0.4008858290563629,
            2.240272877615481,
            -1.1611100024535776
        ],
        [
            0.8540187268404764,
            0.5211780117280722,
            0.6122006726549798,
            -1.7280288351204378,
            0.4006154541004567,
            2.3407662843736237,
            -1.1828855995470373
        ],
        [
            0.834663147154977,
            0.4760791607461836,
            0.6248533415541764,
            -1.7125172108385809,
            0.4571717011303916,
            2.3189482144353835,
            -1.2537159059835148
        ],
        [
            0.822426320815327,
            0.45765457147620225,
            0.6338773119264298,
            -1.6132556302223502,
            0.5208898083087663,
            2.186877060505652,
            -1.2422433995897546
        ],
        [
            0.8301854041018134,
            0.4574261509903407,
            0.6635625917307808,
            -1.6127693746823741,
            0.5209543335357453,
            2.2190015645487278,
            -1.2432055346060866
        ],
        [
            0.8264425040422667,
            0.450788554931521,
            0.6649494762396722,
            -1.5233372535706255,
            0.5286488627565702,
            2.1139833429309793,
            -1.2293343628441393
        ],
        [
            0.8383412189696553,
            0.5445618104833871,
            0.6648605715500884,
            -1.4343973126067666,
            0.5284510318327923,
            2.1217376652396465,
            -1.2109121282689617
        ],
        [
            0.7727741426577636,
            0.47491533700051086,
            0.6648386313985167,
            -1.4434962575601347,
            0.5286573955901954,
            2.008444819033853,
            -1.4824078664464453
        ],
        [
            0.7775908532658115,
            0.49606111539688275,
            0.6638636449446595,
            -1.4084160514834476,
            0.5114282259687892,
            1.6939082275484747,
            -1.1953560501996598
        ],
        [
            0.8050280811904861,
            -0.640713738313337,
            0.46800619826607204,
            -2.60482830235971,
            0.2574713551944772,
            2.0841382441247958,
            -0.7606787544286496
        ],
        [
            0.8074762504168622,
            -0.6029531308186457,
            0.4783855636056281,
            -2.616860396603383,
            0.2574666754879081,
            2.0766806223325243,
            -0.7500352253659197
        ],
        [
            0.8315323542548456,
            -0.5642487714391099,
            0.4889993906469984,
            -2.6253132853712047,
            0.25796338587945006,
            2.0595535015477573,
            -0.7328188433877154
        ]
    ],
    "eef_pose_R": [
        [
            [
                -0.6068756390419665,
                0.6191407081835825,
                -0.49836406592704563
            ],
            [
                0.7004943579710021,
                0.7129100260946755,
                0.03266418749154503
            ],
            [
                0.3755124674204552,
                -0.329278116739666,
                -0.8663523005384013
            ]
        ],
        [
            [
                -0.5750173487055144,
                0.6429866524456396,
                -0.5058885385778483
            ],
            [
                0.7833717923043864,
                0.6110529184160427,
                -0.11376715658330473
            ],
            [
                0.235973904721463,
                -0.46171689992027265,
                -0.8550636354204981
            ]
        ],
        [
            [
                -0.5685134449389269,
                0.7000589623993733,
                -0.43209942384593214
            ],
            [
                0.8015028687077304,
                0.5897202525850214,
                -0.09911193240139086
            ],
            [
                0.18543358481395072,
                -0.4026753939035408,
                -0.8963631589750192
            ]
        ],
        [
            [
                -0.5934348241459773,
                0.7099157847633606,
                -0.379281805567648
            ],
            [
                0.7626646659423935,
                0.646572553788241,
                0.01692749274789404
            ],
            [
                0.2572502999294865,
                -0.2792194678591993,
                -0.9251263545887204
            ]
        ],
        [
            [
                -0.568992191542468,
                0.7196558015329004,
                -0.39792387875539503
            ],
            [
                0.7993572526688537,
                0.5976309052660679,
                -0.062171405618359266
            ],
            [
                0.19306959514486433,
                -0.35345838282731257,
                -0.9153094029013901
            ]
        ],
        [
            [
                -0.4783000894709862,
                0.7474052032120488,
                -0.46110138432193254
            ],
            [
                0.8642171127674856,
                0.30727543379313027,
                -0.3983849768591621
            ],
            [
                -0.1560698766959147,
                -0.5890392771274252,
                -0.7928902342628028
            ]
        ],
        [
            [
                -0.554353620885861,
                0.7652920682256268,
                -0.32713928734054104
            ],
            [
                0.8144655181316579,
                0.5797155204056861,
                -0.023996565906278577
            ],
            [
                0.17128334065303866,
                -0.27974625236400685,
                -0.944671398690057
            ]
        ],
        [
            [
                -0.8192672773592132,
                0.5273721417561689,
                -0.22512163900419052
            ],
            [
                0.5705064821866881,
                0.7891411321731953,
                -0.2275491755541592
            ],
            [
                0.057649649013604906,
                -0.31485694785397206,
                -0.9473867322042724
            ]
        ],
        [
            [
                -0.6147124655014059,
                0.7410581731357747,
                -0.2701136219923962
            ],
            [
                0.7835517295294653,
                0.6129926828625651,
                -0.10142316258300244
            ],
            [
                0.09041721024543131,
                -0.2739940780119577,
                -0.9574716566592512
            ]
        ],
        [
            [
                -0.5153927821884724,
                0.835882518967143,
                -0.18886686991944718
            ],
            [
                0.8542678203293632,
                0.5185808074656143,
                -0.03606157620002243
            ],
            [
                0.06779949275432975,
                -0.17992876538634656,
                -0.9813403426787264
            ]
        ],
        [
            [
                -0.5315517432473129,
                0.8136321960903057,
                -0.2354896892350257
            ],
            [
                0.8468779835127763,
                0.5157006151647356,
                -0.12980969362897035
            ],
            [
                0.015824831502306194,
                -0.2684316020962877,
                -0.9631687545305568
            ]
        ],
        [
            [
                -0.5057244937809036,
                0.8125465635922486,
                -0.289846197809246
            ],
            [
                0.8625228249800952,
                0.4695186777120473,
                -0.18869707911858777
            ],
            [
                -0.01723695966244146,
                -0.3454276961593532,
                -0.9382870530640595
            ]
        ],
        [
            [
                -0.5411144030959261,
                0.7536188127020114,
                -0.37316737250696297
            ],
            [
                0.8409091816196519,
                0.48058064069994527,
                -0.2488252319444255
            ],
            [
                -0.008182360900549135,
                -0.4484427866807992,
                -0.8937740855742307
            ]
        ],
        [
            [
                -0.5742151394629028,
                0.7213009168750606,
                -0.38730086615807613
            ],
            [
                0.8183650440594705,
                0.4920691607043547,
                -0.29689492374450044
            ],
            [
                -0.023571768561985312,
                -0.48743505044150137,
                -0.87284101835784
            ]
        ],
        [
            [
                -0.34345634441598283,
                0.8676324948485128,
                -0.3595157762370869
            ],
            [
                0.9291457877938748,
                0.25813267216310515,
                -0.2646802383761103
            ],
            [
                -0.1368424075544915,
                -0.4249486762479443,
                -0.8948143818970559
            ]
        ],
        [
            [
                -0.47306624255388363,
                0.8030101325160566,
                -0.3624680085641977
            ],
            [
                0.8764217693282446,
                0.3869116047704545,
                -0.28667802905263073
            ],
            [
                -0.08996228322747041,
                -0.4532925514174005,
                -0.8868103801974826
            ]
        ],
        [
            [
                -0.47567686359067446,
                0.8424592228593373,
                -0.2529703130088202
            ],
            [
                0.8792458796804308,
                0.463775381602465,
                -0.10880752953942777
            ],
            [
                0.02565549667273008,
                -0.2741803297808387,
                -0.9613360194290788
            ]
        ],
        [
            [
                -0.3431895737529634,
                0.9204730345243888,
                -0.18695001786767235
            ],
            [
                0.936157920780579,
                0.35138909016946196,
                0.011578198031697018
            ],
            [
                0.0763496157622465,
                -0.1710412231695667,
                -0.9823011942116411
            ]
        ],
        [
            [
                -0.3303679845327533,
                0.9207856476314937,
                -0.2073904190448947
            ],
            [
                0.9427103933343688,
                0.3327090588279669,
                -0.024531540374962524
            ],
            [
                0.04641238083880664,
                -0.20361353906275254,
                -0.9779506212561115
            ]
        ],
        [
            [
                -0.3399116553787973,
                0.9080419799499375,
                -0.24478527158765678
            ],
            [
                0.9404569316826851,
                0.32794397051237917,
                -0.08940644190753216
            ],
            [
                -0.000908948642587365,
                -0.26060029710875804,
                -0.9654463521911468
            ]
        ],
        [
            [
                -0.2823018567858232,
                0.9459304098210048,
                -0.15975394026797154
            ],
            [
                0.9576030354040528,
                0.28783522000659484,
                0.012137244691432236
            ],
            [
                0.05746379938901627,
                -0.14955449140571206,
                -0.9870822487818112
            ]
        ],
        [
            [
                -0.2871244870911893,
                0.9354237898751879,
                -0.20625678715659737
            ],
            [
                0.9578520460481763,
                0.28237508062635847,
                -0.05276146058042919
            ],
            [
                0.00888745148758259,
                -0.21271259289660754,
                -0.9770743912462643
            ]
        ],
        [
            [
                -0.35228531394339907,
                0.919765979972466,
                -0.17299017216330487
            ],
            [
                0.9344724839135403,
                0.3558685468866973,
                -0.010897437552403355
            ],
            [
                0.05153866886386003,
                -0.16549356308340143,
                -0.9848632626866034
            ]
        ],
        [
            [
                -0.36230256287469625,
                0.9131906908614263,
                -0.18660014753064272
            ],
            [
                0.9305287665471367,
                0.3658573460152826,
                -0.016267052434860485
            ],
            [
                0.05341411389035186,
                -0.17953039990676978,
                -0.982301261297482
            ]
        ],
        [
            [
                -0.39682374466746345,
                0.9074135488109594,
                -0.13831690823031173
            ],
            [
                0.912637697237856,
                0.40615037343685895,
                0.04619856856530957
            ],
            [
                0.09809867098220693,
                -0.10790053564000877,
                -0.9893099237145678
            ]
        ],
        [
            [
                -0.20036525122118481,
                0.9726742819885215,
                -0.11729666346996223
            ],
            [
                0.9683747521526914,
                0.21478865614955228,
                0.1269494883120169
            ],
            [
                0.1486744951102406,
                -0.08815086129802421,
                -0.9849493997947973
            ]
        ],
        [
            [
                -0.16056951321762147,
                0.9734636262036707,
                -0.16305213854303127
            ],
            [
                0.9799454103211593,
                0.1769772496589132,
                0.09157535636655523
            ],
            [
                0.11800179750983017,
                -0.14507798441378525,
                -0.982358363441205
            ]
        ],
        [
            [
                -0.2695027733423336,
                0.9373789661263539,
                -0.22065567979247314
            ],
            [
                0.9536900195924016,
                0.29158027276296133,
                0.07386671148305657
            ],
            [
                0.1335799449417272,
                -0.19052983598209683,
                -0.9725506567320802
            ]
        ],
        [
            [
                -0.45481155986780397,
                0.8657349720528329,
                -0.2089243958356604
            ],
            [
                0.8564862268553123,
                0.48948551957612796,
                0.16381474088872067
            ],
            [
                0.24408561657288555,
                -0.10443602965437129,
                -0.9641137523613413
            ]
        ],
        [
            [
                -0.6585385665395252,
                0.7225362680435904,
                -0.21040032733270161
            ],
            [
                0.7015529433539915,
                0.6905988363788402,
                0.17577461381992265
            ],
            [
                0.27230575471594104,
                -0.03185260670388972,
                -0.961683413288775
            ]
        ],
        [
            [
                -0.5952409003805303,
                0.7702074543476867,
                -0.2290605766635358
            ],
            [
                0.7317534817114896,
                0.6373469487468969,
                0.241507161231574
            ],
            [
                0.33200167547361625,
                -0.023860934396555816,
                -0.9429769579859495
            ]
        ],
        [
            [
                -0.5911065522835712,
                0.779432452641411,
                -0.20755263336518812
            ],
            [
                0.7109946271933413,
                0.6250147841091597,
                0.3222470476935087
            ],
            [
                0.3808932710742358,
                0.042913534163191366,
                -0.9236226202491975
            ]
        ],
        [
            [
                -0.5871763629573168,
                0.7443462541698936,
                -0.31807636298138453
            ],
            [
                0.7193479969874641,
                0.6600162040766042,
                0.21660348470519541
            ],
            [
                0.3711635461819236,
                -0.10162314824663907,
                -0.9229899012048295
            ]
        ],
        [
            [
                -0.5640908528496271,
                0.7294070274569918,
                -0.38699728426403124
            ],
            [
                0.7316167708108547,
                0.6587971925909212,
                0.17528023192196496
            ],
            [
                0.38280335735162707,
                -0.18425972791327927,
                -0.9052678842583817
            ]
        ],
        [
            [
                -0.4757860425343795,
                0.749601448080371,
                -0.46013618719383975
            ],
            [
                0.7917022403854156,
                0.5928956877682495,
                0.1472489931868055
            ],
            [
                0.38319081969455776,
                -0.29423183454824403,
                -0.8755526387603361
            ]
        ],
        [
            [
                -0.43623598279118336,
                0.7290290877313148,
                -0.5274606682586458
            ],
            [
                0.8151778966790905,
                0.5683943205232463,
                0.11141316422564715
            ],
            [
                0.3810290856142931,
                -0.38137184694017984,
                -0.8422424533810744
            ]
        ],
        [
            [
                -0.45619321884511344,
                0.7500506308984289,
                -0.4788651147960178
            ],
            [
                0.7413103935404096,
                0.618006595430808,
                0.2617761418330258
            ],
            [
                0.4922871596016875,
                -0.2355671859425465,
                -0.8379507464036369
            ]
        ],
        [
            [
                -0.46224972118952307,
                0.7669634253928385,
                -0.4450756108459464
            ],
            [
                0.7044790398928541,
                0.6224559384588952,
                0.340966108328817
            ],
            [
                0.5385484914210147,
                -0.15593495049840533,
                -0.8280397415590686
            ]
        ],
        [
            [
                -0.5261566464697501,
                0.7238209120152583,
                -0.44636584849773886
            ],
            [
                0.6485761490498307,
                0.6810538337840728,
                0.33987446854935743
            ],
            [
                0.5500074201857628,
                -0.11067503249340539,
                -0.8277939809657868
            ]
        ],
        [
            [
                -0.45016757963537524,
                0.7561360078742921,
                -0.47498156579088074
            ],
            [
                0.7512366971352782,
                0.6082431918910722,
                0.25628820572831534
            ],
            [
                0.4826930444107381,
                -0.24145094142307508,
                -0.8418484826638366
            ]
        ],
        [
            [
                -0.42210725977246977,
                0.7545781163237902,
                -0.5024314158296804
            ],
            [
                0.7772124578665618,
                0.5865162485722566,
                0.22790235957037608
            ],
            [
                0.4666543223676331,
                -0.29429671511243083,
                -0.834040278937197
            ]
        ],
        [
            [
                -0.3976388023233556,
                0.7680927821694169,
                -0.501913200529825
            ],
            [
                0.7887799426166848,
                0.565606423641018,
                0.2406565512543476
            ],
            [
                0.46873189033014,
                -0.30020468270042405,
                -0.8307632415268933
            ]
        ],
        [
            [
                -0.4548377619281434,
                0.7250158163754514,
                -0.5171795397438255
            ],
            [
                0.7864863388877726,
                0.5994483527876149,
                0.14866375174575186
            ],
            [
                0.4178059945322767,
                -0.3391367546369058,
                -0.8428667822302895
            ]
        ],
        [
            [
                -0.4602332444260923,
                0.7223781123762565,
                -0.5160961378316538
            ],
            [
                0.7749816713149212,
                0.6104926400819342,
                0.16340791147224654
            ],
            [
                0.433115192357604,
                -0.32475929419418736,
                -0.8407988052938283
            ]
        ],
        [
            [
                -0.48984472307474247,
                0.707123597670547,
                -0.5099297646669503
            ],
            [
                0.7220742881110158,
                0.6568342340302225,
                0.21720384769819467
            ],
            [
                0.48852929259646083,
                -0.26181101318201516,
                -0.8323425518690055
            ]
        ],
        [
            [
                -0.5150215651927709,
                0.7002485838426824,
                -0.49437304559685114
            ],
            [
                0.6601736520203516,
                0.691906340636933,
                0.29229499647534213
            ],
            [
                0.546739002234613,
                -0.1758338323893509,
                -0.8186323514391387
            ]
        ],
        [
            [
                -0.5295216917861991,
                0.6793699350903603,
                -0.5079992807309878
            ],
            [
                0.6044642134516264,
                0.7223356294553636,
                0.33593787085654736
            ],
            [
                0.5951720697278965,
                -0.12918099595003582,
                -0.7931471980037303
            ]
        ],
        [
            [
                -0.48974935741519954,
                0.6553548812031118,
                -0.5750265616427249
            ],
            [
                0.5872410770886158,
                0.7354467549771724,
                0.3380325250228879
            ],
            [
                0.6444326840649856,
                -0.1721280054982403,
                -0.7450358819761611
            ]
        ],
        [
            [
                -0.49784448317600016,
                0.6454923240686838,
                -0.5792154436301145
            ],
            [
                0.5598169290574041,
                0.7492703472861657,
                0.3538346402182887
            ],
            [
                0.6623865008527561,
                -0.14809998732639273,
                -0.7343776393940407
            ]
        ],
        [
            [
                -0.49883148470928973,
                0.6169518213092176,
                -0.6087179971431477
            ],
            [
                0.5359170328775364,
                0.7715420805094669,
                0.34280570572098273
            ],
            [
                0.6811461544591318,
                -0.15522006373649871,
                -0.7155044710406596
            ]
        ],
        [
            [
                -0.4420828792664877,
                0.6323572550510126,
                -0.636150162967676
            ],
            [
                0.5453995114243461,
                0.752555774772794,
                0.36905172915758655
            ],
            [
                0.7121110171858998,
                -0.18380453705082678,
                -0.677579361670642
            ]
        ],
        [
            [
                -0.6149026143190409,
                0.4740378821666945,
                -0.6302244530121976
            ],
            [
                0.3349853256018487,
                0.8804910773167623,
                0.3354404483615392
            ],
            [
                0.7139184873184279,
                -0.00485273494867626,
                -0.700211999631887
            ]
        ],
        [
            [
                -0.5382774600320078,
                0.4332375983185507,
                -0.72288488670373
            ],
            [
                0.5837894398857701,
                0.8103063099118033,
                0.050927143989972695
            ],
            [
                0.6078217385873502,
                -0.3945996293970521,
                -0.6890891572070774
            ]
        ],
        [
            [
                -0.2691430320080294,
                0.960229140588209,
                0.07431033499288486
            ],
            [
                0.962525893850693,
                0.26551645437777954,
                0.0551807586172674
            ],
            [
                0.033255555753128226,
                0.08637713829412556,
                -0.9957073154254057
            ]
        ],
        [
            [
                -0.26562978817561833,
                0.9630382481577158,
                0.04470065121554723
            ],
            [
                0.9640609163476233,
                0.2655917865399934,
                0.006895831601470892
            ],
            [
                -0.00523117623076701,
                0.044925889059789406,
                -0.9989766259965397
            ]
        ],
        [
            [
                -0.27873393365545185,
                0.9602882529098199,
                0.012404255413536486
            ],
            [
                0.9591238545135399,
                0.279006846440175,
                -0.04729282548758046
            ],
            [
                -0.04887561694800698,
                -0.001284898017232687,
                -0.9988040464000119
            ]
        ]
    ],
    "eef_pose_t": [
        [
            0.3186018586785702,
            0.5427364417149505,
            0.43713221593938667
        ],
        [
            0.22108320219555838,
            0.5810216131314487,
            0.4239343227603535
        ],
        [
            0.24181003067871862,
            0.5819976099678437,
            0.4119500345953822
        ],
        [
            0.2659990023387672,
            0.5834450119381552,
            0.4269278396736945
        ],
        [
            0.2720846827618494,
            0.5858220579507681,
            0.37512698192118943
        ],
        [
            0.18955733920557843,
            0.5964828594810851,
            0.3262880511407248
        ],
        [
            0.21995333117950605,
            0.5951745893916697,
            0.3590090185977795
        ],
        [
            0.14821662029315227,
            0.47184753381521355,
            0.4071501197066525
        ],
        [
            0.13565640905015106,
            0.4515173492138216,
            0.43006256312756386
        ],
        [
            0.12318766548480493,
            0.4279324863312043,
            0.42400846749833254
        ],
        [
            0.11699142374481332,
            0.41368751799761994,
            0.41388261263861925
        ],
        [
            0.13051993520488697,
            0.40648077551516265,
            0.39782708248190446
        ],
        [
            0.13208805620731193,
            0.4433288810903242,
            0.3747803830527013
        ],
        [
            0.12632876104225227,
            0.4397719805933331,
            0.4068545431712648
        ],
        [
            0.12007822369153638,
            0.44010551469039993,
