{
    "joints": [
        [
            0.9672269366588007,
            -0.20941847748919934,
            -0.0740934268166738,
            -2.5059624016870807,
            0.7334364919123102,
            1.9996178418970645,
            -1.4991899064823129
        ],
        [
            0.9514015878423409,
            -0.20910952453790577,
            -0.07402860087860212,
            -2.4919154688169702,
            0.7334082757064131,
            1.8042867299955974,
            -1.532614145843322
        ],
        [
            0.9379983241655351,
            -0.11168452616538058,
            -0.059461164421750055,
            -2.402719241513196,
            0.7319892589171338,
            1.595770551985125,
            -1.5118749005261032
        ],
        [
            0.8747919707684789,
            -0.06872186423400202,
            0.026895434949927733,
            -2.3072802132496144,
            0.46590846799436025,
            1.636357335206684,
            -1.4955526178610539
        ],
        [
            0.8080135378547534,
            -0.03354727796891397,
            0.026649989338917258,
            -2.274695782688492,
            0.46298439808766684,
            1.4536353802183575,
            -1.6659878219071507
        ],
        [
            0.8030186813386788,
            -0.03325644343491596,
            0.03472193259597879,
            -2.2686274453795208,
            0.4313956440304434,
            1.4770430630383826,
            -1.2447659603457408
        ],
        [
            0.7845657587961709,
            0.05975849598694168,
            0.03456773653845452,
            -2.266835424747563,
            0.43142115161141686,
            1.5044259659262573,
            -1.221393843828525
        ],
        [
            0.641990750516008,
            0.11650792919128498,
            0.07099926572869454,
            -2.2487998822531283,
            0.2641777485541018,
            1.3430469972085382,
            -1.034873256932408
        ],
        [
            0.5121124058145604,
            0.10588788032446689,
            0.11501193801343455,
            -2.250961562186703,
            0.17711660238830743,
            1.3754626147396218,
            -0.5474237835093044
        ],
        [
            0.5292187395817813,
            0.16117872837057745,
            0.13270953165706473,
            -2.2018194619073386,
            0.17469265772502082,
            1.2610580544739278,
            -0.21424715412090867
        ],
        [
            0.6957435749382509,
            0.6124557896170351,
            0.3044984505246095,
            -1.4773565586509807,
            0.3294589883980744,
            1.6594587885675052,
            -1.4380425895662197
        ],
        [
            0.853569186745032,
            0.2815316726580574,
            0.32663799758453044,
            -1.7604087308631915,
            0.46623054835267147,
            1.8335876085730396,
            -1.3520837277991262
        ],
        [
            0.8535583057961303,
            0.28151831044602893,
            0.32662600606786957,
            -1.7604118328312497,
            0.46622992140643754,
            1.8335887071287709,
            -1.352083483641267
        ]
    ],
    "eef_pose_R": [
        [
            [
                -0.239637720165303,
                0.7855857030163018,
                -0.5704637291628268
            ],
            [
                0.841872640862719,
                0.4607993929722029,
                0.2809170269016829
            ],
            [
                0.48355374017869757,
                -0.41293949030436944,
                -0.7717880264077439
            ]
        ],
        [
            [
                -0.26165547229027414,
                0.6650592243960107,
                -0.6994516722878936
            ],
            [
                0.8267021494555437,
                0.5284324206470467,
                0.19319092342728408
            ],
            [
                0.4980963460076149,
                -0.5276887386091156,
                -0.6880731249213144
            ]
        ],
        [
            [
                -0.2591653814809893,
                0.5128436829134657,
                -0.8184281654107257
            ],
            [
                0.844709554957653,
                0.531216341923672,
                0.06538322289759346
            ],
            [
                0.46829378898834134,
                -0.6743890234641912,
                -0.5708768450602614
            ]
        ],
        [
            [
                -0.48715466792053863,
                0.5706706797762382,
                -0.661071331073248
            ],
            [
                0.817538610728181,
                0.5641882944178649,
                -0.11542178481766849
            ],
            [
                0.30710087836387806,
                -0.5966795988514997,
                -0.7413922759393625
            ]
        ],
        [
            [
                -0.5166962172579478,
                0.39334554318009424,
                -0.7604632158965245
            ],
            [
                0.7494032840003264,
                0.6373075930048107,
                -0.17953760003949254
            ],
            [
                0.414028666882927,
                -0.6626600301502809,
                -0.6240688643414083
            ]
        ],
        [
            [
                -0.32867532228977725,
                0.5975745789777107,
                -0.7313529620349688
            ],
            [
                0.9398832295516415,
                0.28295951930247665,
                -0.19118950087200717
            ],
            [
                0.09269329708930879,
                -0.7502256547171144,
                -0.6546521363892354
            ]
        ],
        [
            [
                -0.2862434889416531,
                0.5793063872843335,
                -0.7631964194688567
            ],
            [
                0.9573859453811189,
                0.20487169462292132,
                -0.20356753260044655
            ],
            [
                0.03842937190758014,
                -0.7889434063314721,
                -0.6132629819097861
            ]
        ],
        [
            [
                -0.23879846632706558,
                0.5557460512311718,
                -0.7963175365523487
            ],
            [
                0.9332418622449282,
                -0.09530947535552309,
                -0.34637512968034156
            ],
            [
                -0.26839321718974185,
                -0.8258707104919115,
                -0.4958857232449081
            ]
        ],
        [
            [
                0.11685851560174584,
                0.6278507030912158,
                -0.769511261749445
            ],
            [
                0.762650438389849,
                -0.5530454117617216,
                -0.335417771373371
            ],
            [
                -0.6361669561955632,
                -0.547671678250002,
                -0.5434586798347221
            ]
        ],
        [
            [
                0.20191598206553885,
                0.5603804288227289,
                -0.8032457352385778
            ],
            [
                0.5099629184748755,
                -0.7603454958240223,
                -0.4022593053749151
            ],
            [
                -0.8361625188724358,
                -0.32840295670498476,
                -0.4392991464370577
            ]
        ],
        [
            [
                -0.5550505540587902,
                0.5797529687529273,
                -0.5964942394199609
            ],
            [
                0.7366570090367766,
                0.6756536964090647,
                -0.028784258992686648
            ],
            [
                0.3863357781464469,
                -0.45538838122083775,
                -0.8021010464854439
            ]
        ],
        [
            [
                -0.5891983210380625,
                0.6112000165204665,
                -0.5284693730873249
            ],
            [
                0.6898758721587459,
                0.7210262949500852,
                0.06474845947018879
            ],
            [
                0.4206145735696022,
                -0.32642858605816766,
                -0.8464796268693815
            ]
        ],
        [
            [
                -0.5891874359510635,
                0.6112199436884277,
                -0.5284584617119181
            ],
            [
                0.6898868698939443,
                0.7210142830211669,
                0.06476504016372331
            ],
            [
                0.42061178307953706,
                -0.3264178060660721,
                -0.8464851704652979
            ]
        ]
    ],
    "eef_pose_t": [
        [
            0.23149204032780366,
            0.35313868576485735,
            0.350163951917709
        ],
        [
            0.2139839517036814,
            0.3457234675452343,
            0.35230536338507956
        ],
        [
            0.2056070487957282,
            0.3577733345062057,
            0.3470518344085673
        ],
        [
            0.23232795795343578,
            0.36694862882755896,
            0.3513230742961373
        ],
        [
            0.24211392380012395,
            0.3447685550333023,
            0.349454027908931
        ],
        [
            0.24673639981754908,
            0.34575302246180306,
            0.3497792454209672
        ],
        [
            0.2564817757842416,
            0.343381227087633,
            0.31055659573181715
        ],
        [
            0.2846319138473536,
            0.2891487671139272,
            0.2936530200052737
        ],
        [
            0.31656007224664434,
            0.2562330629594869,
            0.29442480620730366
        ],
        [
            0.3068036789144,
            0.2676636722010213,
            0.29186099496869566
        ],
        [
            0.35800267402844654,
            0.5584797010178361,
            0.31640987008701166
        ],
        [
            0.21335910783456327,
            0.5762505572890372,
            0.4093509729182591
        ],
        [
            0.21337092600738844,
            0.5762446943373648,
            0.40935656204817616
        ]
    ],
    "apriltag_pose_R": [
        [
            [
                0.9954034639529742,
                -0.0061876523304192355,
                0.0955701674637958
            ],
            [
                0.006004668959846082,
                0.9999795470880625,
                0.0022021253909491638
            ],
            [
                -0.09558183876188392,
                -0.0016181360241524466,
                0.9954202598574656
            ]
        ],
        [
            [
                0.9908180894709969,
                0.10744917137102256,
                0.08206210543682346
            ],
            [
                -0.11626969552535976,
                0.986928938128113,
                0.11159134817607592
            ],
            [
                -0.06899906868562686,
                -0.12010806241462181,
                0.9903601273594982
            ]
        ],
        [
            [
                0.9594846187375564,
                0.24459284818439128,
                0.1398699575430477
            ],
            [
                -0.2720851265275704,
                0.9332865412509499,
                0.23440545181867234
            ],
            [
                -0.07320485180999003,
                -0.2629649606637494,
                0.9620241572510485
            ]
        ],
        [
            [
                0.9168355577101954,
                0.3990229698181631,
                0.013900707741961619
            ],
            [
                -0.3991407726779061,
                0.9168630931522318,
                0.006979398355590895
            ],
            [
                -0.009960105637908221,
                -0.011947299812726114,
                0.9998790218435761
            ]
        ],
        [
            [
                0.8805295246411564,
                0.47315310274214595,
                -0.0281761885410238
            ],
            [
                -0.4597941768070113,
                0.8670851018684425,
                0.1917100443173398
            ],
            [
                0.11513935560694166,
                -0.15585110677590308,
                0.9810470739506563
            ]
        ],
        [
            [
                0.8219501278856554,
                0.48054046495193536,
                0.30574310918242015
            ],
            [
                -0.4878121087447732,
                0.8710452905001579,
                -0.05761465490197468
            ],
            [
                -0.29400226841086274,
                -0.1017888178596938,
                0.9503692454661994
            ]
        ],
        [
            [
                0.7774023699922614,
                0.4939339265659054,
                0.38945453048796647
            ],
            [
                -0.5125197014575783,
                0.8563584300889973,
                -0.06303804274677233
            ],
            [
                -0.36464929829666487,
                -0.15059719586597967,
                0.9188859416973653
            ]
        ],
        [
            [
                0.5290860396675403,
                0.6174836610365056,
                0.5820497323956704
            ],
            [
                -0.613995800979197,
                0.7520351072885489,
                -0.2396922063510083
            ],
            [
                -0.5857278540489876,
                -0.23055829145457682,
                0.7770236516559288
            ]
        ],
        [
            [
                0.20560695377065238,
                0.6093600513353511,
                0.7657715771675855
            ],
            [
                -0.3650097541358881,
                0.7737754359573206,
                -0.5177252689358682
            ],
            [
                -0.9080163324229426,
                -0.17306617967019616,
                0.3815159728078915
            ]
        ],
        [
            [
                -0.09462711848300114,
                0.6755214285467284,
                -0.7312431251107876
            ],
            [
                -0.2619716355735793,
                0.6917525608155295,
                0.6729407527859049
            ],
            [
                -0.9604252030233835,
                -0.2552434018331205,
                -0.11150890196817653
            ]
        ],
        [
            [
                0.9427911333163255,
                0.3117991075029735,
                -0.11800930260139361
            ],
            [
                -0.31741078324093625,
                0.9477578255401626,
                -0.03170960122358395
            ],
            [
                0.10195721466621917,
                0.06735295604301646,
                0.9925060733767699
            ]
        ],
        [
            [
                0.9559929766913212,
                0.21873514836379637,
                -0.19553097807543326
            ],
            [
                -0.23729381546857353,
                0.9683920366111001,
                -0.07686682358841564
            ],
            [
                0.1725371660171633,
                0.11988243532091766,
                0.9776804836163457
            ]
        ],
        [
            [
                0.998477412844305,
                0.02774541284050369,
                -0.0476764942718454
            ],
            [
                -0.03559008495642085,
                0.9843661370965668,
                -0.17250117098262882
            ],
            [
                0.04214501029229968,
                0.17393533339690762,
                0.9838548154598667
            ]
        ]
    ],
    "apriltag_pose_t": [
        [
            [
                0.15449335505653178
            ],
            [
                -0.16104977774466317
            ],
            [
                0.4924827039365493
            ]
        ],
        [
            [
                0.17566021658151418
            ],
            [
                -0.1663048000190579
            ],
            [
                0.4753365834004758
            ]
        ],
        [
            [
                0.16648350325996836
            ],
            [
                -0.16588810937876694
            ],
            [
                0.4633073739741867
            ]
        ],
        [
            [
                0.14922324353142352
            ],
            [
                -0.18925619559485918
            ],
            [
                0.4955237488169557
            ]
        ],
        [
            [
                0.17519693405955927
            ],
            [
                -0.21628887313807416
            ],
            [
                0.5167844994680184
            ]
        ],
        [
            [
                0.15955727664454794
            ],
            [
                -0.21519054136385785
            ],
            [
                0.4937798295953682
            ]
        ],
        [
            [
                0.1620732704994857
            ],
            [
                -0.18817382757989565
            ],
            [
                0.5321219727020476
            ]
        ],
        [
            [
                0.20387376544775804
            ],
            [
                -0.22293449433712595
            ],
            [
                0.5678172412852599
            ]
        ],
        [
            [
                0.2012784929538238
            ],
            [
                -0.23446597818238005
            ],
            [
                0.590089032500523
            ]
        ],
        [
            [
                0.17322577944342638
            ],
            [
                -0.2105890333541417
            ],
            [
                0.5796846131989526
            ]
        ],
        [
            [
                -0.1324117960131812
            ],
            [
                -0.1664756003551115
            ],
            [
                0.6329732486150978
            ]
        ],
        [
            [
                -0.11126966775334568
            ],
            [
                -0.12699913626532844
            ],
            [
                0.4066199848837681
            ]
        ],
        [
            [
                0.08137558895097247
            ],
            [
                -0.14469555927020328
            ],
            [
                0.34341300096753513
            ]
        ]
    ]
}