{
    "joints": [
        [
            0.3935687327504905,
            0.9330037306484829,
            0.965099860695837,
            -1.122281450882309,
            -0.23339979849259818,
            1.6919756291579122,
            -1.2132771509917348
        ],
        [
            0.40411130155646235,
            0.9284945581212235,
            0.9650713752883671,
            -1.1221685870401275,
            -0.23337330083296337,
            1.6600567243105822,
            -1.2939795965632293
        ],
        [
            0.41950058170984966,
            0.9286614658313708,
            0.9506513858514191,
            -1.1222187623639623,
            -0.23364213644420648,
            1.6488654940416847,
            -1.334113896154562
        ],
        [
            0.46114188652390203,
            0.934634046739452,
            0.9366695440699836,
            -1.116668308735194,
            -0.23368278805850234,
            1.6094322515607016,
            -1.3502147660308248
        ],
        [
            0.47119645618252404,
            0.9333969002240163,
            0.9268400943727488,
            -1.1166493286731374,
            -0.24616165284095146,
            1.5789123049883835,
            -1.393651313521935
        ],
        [
            0.4835437533656891,
            0.9150387747449221,
            0.9271995813959104,
            -1.1166970242984182,
            -0.24344340317194724,
            1.554253851075253,
            -1.4127792310335465
        ],
        [
            0.4548887029568343,
            0.862330409875285,
            0.9269164640466753,
            -1.1168364595271298,
            -0.2434570527265611,
            1.3816658131819355,
            -1.4532701559947907
        ],
        [
            0.464835203627325,
            0.803431214510992,
            0.8964207376491469,
            -1.1217705938477622,
            -0.3452360260789197,
            1.4247076479359995,
            -1.6909671615276345
        ],
        [
            0.46227298762980684,
            0.8019777605335399,
            0.8909598207631911,
            -1.1122145516308208,
            -0.3442450751815487,
            1.514596982305536,
            -1.2912029506193565
        ],
        [
            0.4766584258608758,
            0.8472982823495979,
            0.8479667618294088,
            -1.115311073335508,
            -0.3441990122495695,
            1.5458492289581558,
            -1.3226966761757357
        ],
        [
            0.6836823523388071,
            0.8606924606588331,
            0.8479914152402735,
            -1.2084828480433039,
            -0.3400607545042578,
            1.5368895214767206,
            -1.0404398531296126
        ],
        [
            0.6734583245098311,
            0.8353167938040779,
            0.8442402772322272,
            -1.2080143668196675,
            -0.34446664459724735,
            1.580606937444284,
            -1.1243525812442916
        ],
        [
            0.7844568447774068,
            0.9074201534008585,
            0.7834131440493857,
            -1.143853377564307,
            -0.352984904961399,
            1.5744625071704634,
            -1.252664672022347
        ],
        [
            0.8096358118290717,
            0.9338666628167035,
            0.7405773941040145,
            -1.1489802509858715,
            -0.3996314730735048,
            1.6252536193396159,
            -1.2550451169203556
        ],
        [
            0.8093318159488179,
            0.9270911062849679,
            0.7404388542251029,
            -1.1430534587523504,
            -0.3995037300581066,
            1.6915438463224837,
            -1.0358933050957184
        ],
        [
            0.8018948988841557,
            0.8299867605914559,
            0.7409754746848429,
            -1.1433043881270146,
            -0.39739460190556325,
            1.722394172191785,
            -0.8780565711091879
        ],
        [
            0.8093781973421981,
            0.8328364325093177,
            0.7409212273241917,
            -1.1433581647460038,
            -0.39760106826034675,
            1.6925390576155677,
            -1.098286043271254
        ],
        [
            0.8312416224027919,
            0.8707417028096343,
            0.7391378451445035,
            -1.142127466778066,
            -0.3990383702251978,
            1.6623920020273144,
            -1.0992626979175262
        ],
        [
            0.82375561313172,
            0.8366349930463726,
            0.7395579896484451,
            -1.1422843539156196,
            -0.398584324125708,
            1.675050368481324,
            -1.1340111649347477
        ],
        [
            0.825645165614465,
            0.7381742600990581,
            0.7396819849494396,
            -1.1396726641200934,
            -0.3979857979565016,
            1.6145789937578332,
            -0.9678004401761865
        ],
        [
            0.8263452502856616,
            0.6991364887435862,
            0.7398190768118063,
            -1.133877527994163,
            -0.39745191512326555,
            1.56968679093683,
            -0.9617874617516367
        ],
        [
            0.8174886860913101,
            0.6483590572417823,
            0.7398895115664499,
            -1.1340558955142748,
            -0.3975087802933491,
            1.5785898189852292,
            -0.986532929889248
        ],
        [
            0.8136744624757163,
            0.7453685396277033,
            0.6885422003130313,
            -1.1737575816709065,
            -0.41427497956866227,
            2.037464331581958,
            -1.3351538878307976
        ],
        [
            0.8931800784461056,
            0.8222510157467358,
            0.6812606078300792,
            -1.0368004978272563,
            -0.4290871682103509,
            1.562334050486288,
            -1.3619292149757203
        ],
        [
            0.9140823307599992,
            0.8771341647213567,
            0.6816418923931333,
            -1.0380606338551612,
            -0.4233441570828933,
            1.5017095265667972,
            -1.1727238492473107
        ],
        [
            0.9191707795248526,
            0.9146515699530322,
            0.6603969803896895,
            -1.0398693061792963,
            -0.43439996971651634,
            1.5750094494982423,
            -1.133265752008644
        ],
        [
            0.933453856792443,
            0.9548569668382525,
            0.6220293448017942,
            -1.0399807328129653,
            -0.4445383085975315,
            1.6562784184186676,
            -1.1465801872665637
        ],
        [
            0.9416699248931248,
            0.9730437546671724,
            0.6116071811316269,
            -1.0394971942976086,
            -0.4450488703755373,
            1.6578701314955004,
            -0.9975882374241214
        ],
        [
            0.9431870406373751,
            1.0218480175453228,
            0.6011160895341758,
            -1.039440847156117,
            -0.44481847135238056,
            1.7344405091003336,
            -1.021750529559498
        ],
        [
            0.9597379818362815,
            0.9467505599174181,
            0.6050531012793489,
            -1.0386239142079523,
            -0.44353442917628444,
            1.6173602200068233,
            -1.1888593479264549
        ],
        [
            0.9798934989220739,
            0.44405279806413545,
            0.6057204191100486,
            -2.20603041381416,
            -2.803438372230604,
            1.531249218045416,
            2.3380565902462283
        ],
        [
            1.0134318212174258,
            0.3961344818888222,
            0.6103024434696736,
            -2.20520851419434,
            -2.8034234653089953,
            1.4376277261502446,
            2.270662954131552
        ],
        [
            0.9421631481993487,
            0.48143011967278987,
            0.20768891828451866,
            -1.2543979060048152,
            -2.825251218566648,
            4.260549319783291,
            1.9822222430974423
        ],
        [
            0.826070547270829,
            0.21006326561358665,
            0.18511509271817775,
            -1.9424705509508768,
            -2.1574009782446746,
            3.4996266716957156,
            0.9304269770771934
        ]
    ],
    "eef_pose_R": [
        [
            [
                -0.6239736920743444,
                0.6360046006424014,
                -0.4540429270022944
            ],
            [
                0.6551532553572909,
                0.7424726366729664,
                0.139673174899971
            ],
            [
                0.42594723099681714,
                -0.21031531507142548,
                -0.879963876902087
            ]
        ],
        [
            [
                -0.6852024320602927,
                0.5619905363582951,
                -0.46331875004404427
            ],
            [
                0.5863536915875964,
                0.802979941733799,
                0.10682959110088493
            ],
            [
                0.43207288211626704,
                -0.19846876383174336,
                -0.8797290346026111
            ]
        ],
        [
            [
                -0.7142373331668204,
                0.5242443154155867,
                -0.4637164323864223
            ],
            [
                0.5537323030768683,
                0.8284744477223523,
                0.08372948107047469
            ],
            [
                0.428071919705014,
                -0.19697204681270486,
                -0.8820183922880962
            ]
        ],
        [
            [
                -0.7429548181297926,
                0.4697306074589245,
                -0.4768346617371646
            ],
            [
                0.5228030959053036,
                0.8520920901485407,
                0.024819202608481288
            ],
            [
                0.4179653826928213,
                -0.23085109123103728,
                -0.8786425396871487
            ]
        ],
        [
            [
                -0.7751255733405283,
                0.4209888433114306,
                -0.4711143591112681
            ],
            [
                0.48461002093804123,
                0.8745876728791914,
                -0.01579652031909376
            ],
            [
                0.40538065217761493,
                -0.2405510263022465,
                -0.8819306835488759
            ]
        ],
        [
            [
                -0.795951916635065,
                0.38712602129095647,
                -0.46539659436270064
            ],
            [
                0.4543028098266504,
                0.8900960142732021,
                -0.036579261317987735
            ],
            [
                0.40008686980276725,
                -0.24054631365787593,
                -0.8843460677794808
            ]
        ],
        [
            [
                -0.8264151868490145,
                0.3136584457773363,
                -0.46760701271244265
            ],
            [
                0.43029456960049695,
                0.8874436194491407,
                -0.16519808010788636
            ],
            [
                0.36315908678929093,
                -0.33773096051673185,
                -0.8683624105123469
            ]
        ],
        [
            [
                -0.9359976023177579,
                0.15902848425114688,
                -0.31403571397564195
            ],
            [
                0.2151530531981295,
                0.9645486770571858,
                -0.15282347099433263
            ],
            [
                0.2785994475136865,
                -0.2106081451036867,
                -0.9370307129763961
            ]
        ],
        [
            [
                -0.786986202819815,
                0.5475385074047008,
                -0.2843489044822953
            ],
            [
                0.5847312667841025,
                0.8089583083742102,
                -0.06062838409024924
            ],
            [
                0.19683003382692363,
                -0.2139813969048908,
                -0.9568019123947881
            ]
        ],
        [
            [
                -0.788599660773085,
                0.5360401661914584,
                -0.3012831147907376
            ],
            [
                0.5802820220102345,
                0.8108399704806576,
                -0.07623199592454516
            ],
            [
                0.20342898013874267,
                -0.23494570117446245,
                -0.9504825971785866
            ]
        ],
        [
            [
                -0.7860894486637251,
                0.539599778280892,
                -0.30148873607279725
            ],
            [
                0.6100302116102064,
                0.755886811356776,
                -0.2376936459808981
            ],
            [
                0.09963192069998203,
                -0.370765704584577,
                -0.9233668137211423
            ]
        ],
        [
            [
                -0.8199349552610452,
                0.5014409756488436,
                -0.2761586809814306
            ],
            [
                0.5565010179385167,
                0.8113019950242086,
                -0.17915269996049135
            ],
            [
                0.1342135841651754,
                -0.3005761481057252,
                -0.9442672783780355
            ]
        ],
        [
            [
                -0.8941719557279886,
                0.35679669514993206,
                -0.2704674322717441
            ],
            [
                0.419101103986683,
                0.8795499589066328,
                -0.22526902677572896
            ],
            [
                0.15751437466697332,
                -0.3147824456945255,
                -0.9360027957521524
            ]
        ],
        [
            [
                -0.9039756823309658,
                0.36841036518249876,
                -0.2170294186979328
            ],
            [
                0.4137473112946964,
                0.8817475551217764,
                -0.2265709854177707
            ],
            [
                0.10789405984888308,
                -0.2946099995975492,
                -0.9495071458322246
            ]
        ],
        [
            [
                -0.7932599040413968,
                0.5726870071263386,
                -0.20680502051186
            ],
            [
                0.6042808300266069,
                0.7821450043474436,
                -0.15196667607305436
            ],
            [
                0.0747221727641067,
                -0.24551738032777734,
                -0.9665080511068682
            ]
        ],
        [
            [
                -0.6876412132483837,
                0.712227910296956,
                -0.14099987814293444
            ],
            [
                0.7235308404055941,
                0.6883741992618011,
                -0.05142066484059421
            ],
            [
                0.06043744554715742,
                -0.13737672868686843,
                -0.9886733280467462
            ]
        ],
        [
            [
                -0.8325746183963233,
                0.5345171210918985,
                -0.14529608412426476
            ],
            [
                0.548696069296017,
                0.8317702661180401,
                -0.0842071727409585
            ],
            [
                0.0758427870091635,
                -0.14983214495412422,
                -0.9857982552211833
            ]
        ],
        [
            [
                -0.844590091619997,
                0.5082797006140795,
                -0.16828346050930584
            ],
            [
                0.5311897959402908,
                0.8348640144870405,
                -0.14435885148994135
            ],
            [
                0.0671191315962706,
                -0.2113145126541113,
                -0.9751108649356328
            ]
        ],
        [
            [
                -0.858897115762173,
                0.490803143390636,
                -0.14631479410261614
            ],
            [
                0.5068997902957336,
                0.8554605270875567,
                -0.10601834366382472
            ],
            [
                0.07313239455645751,
                -0.16522578803852142,
                -0.9835405898250912
            ]
        ],
        [
            [
                -0.7719697384493359,
                0.6299013732600107,
                -0.08536382655209725
            ],
            [
                0.6356169002010076,
                0.7664768291411386,
                -0.09221944788713646
            ],
            [
                0.007340238233618471,
                -0.12544931388771555,
                -0.9920728756234469
            ]
        ],
        [
            [
                -0.7687495063316552,
                0.6364593676543866,
                -0.0627986452068408
            ],
            [
                0.6393068537705805,
                0.7620363398412392,
                -0.10289491475932731
            ],
            [
                -0.017633582642164025,
                -0.1192480192135109,
                -0.9927078959476731
            ]
        ],
        [
            [
                -0.7781042430050185,
                0.6274979979796346,
                -0.028285147147184036
            ],
            [
                0.6279864526652683,
                0.7761511033120948,
                -0.056766892607492556
            ],
            [
                -0.013667563297094624,
                -0.06193324922017535,
                -0.9979867085059558
            ]
        ],
        [
            [
                -0.9336781615869173,
                0.35806567130447464,
                -0.0058365751044725175
            ],
            [
                0.34372311144006273,
                0.9006146796045245,
                0.26598425055405395
            ],
            [
                0.10049633444875714,
                0.24633752031332015,
                -0.9639597049919919
            ]
        ],
        [
            [
                -0.9513484083516889,
                0.2999470638053553,
                -0.07048379133711953
            ],
            [
                0.3072829585050869,
                0.9404367777184166,
                -0.14545050885769667
            ],
            [
                0.022658096545596994,
                -0.16003257802443835,
                -0.9868516527988298
            ]
        ],
        [
            [
                -0.8902807861903582,
                0.44186328883964376,
                -0.11025858567971426
            ],
            [
                0.4551400939062996,
                0.8549131398321236,
                -0.24893978842552422
            ],
            [
                -0.015735839959853504,
                -0.27180941359377797,
                -0.9622224410304325
            ]
        ],
        [
            [
                -0.8663222562531593,
                0.488194235814627,
                -0.10560367625138689
            ],
            [
                0.4991613867391008,
                0.838573850772961,
                -0.21824712320785655
            ],
            [
                -0.01799050608329371,
                -0.24178561768058088,
                -0.9701629021837966
            ]
        ],
        [
            [
                -0.8664103820249133,
                0.49114922057251514,
                -0.09003051177492469
            ],
            [
                0.49905745511398014,
                0.8457567678376687,
                -0.1887780340821914
            ],
            [
                -0.016574269655148355,
                -0.20848964671606682,
                -0.9778841244225247
            ]
        ],
        [
            [
                -0.7853476310592782,
                0.6120832647057904,
                -0.09264542868745042
            ],
            [
                0.6165268610921419,
                0.7598205227529398,
                -0.20631869221018334
            ],
            [
                -0.055890320641869336,
                -0.21915029151372556,
                -0.9740890214903352
            ]
        ],
        [
            [
                -0.7941043001999918,
                0.598168247004481,
                -0.10767129923738922
            ],
            [
                0.6074154639916114,
                0.7749258427710812,
                -0.17474665178304555
            ],
            [
                -0.021090626063175633,
                -0.20416827981132543,
                -0.978708587379894
            ]
        ],
        [
            [
                -0.8943104709405666,
                0.4410884642845716,
                -0.07516480719818491
            ],
            [
                0.4460290678535702,
                0.8654454035997445,
                -0.22817169854684147
            ],
            [
                -0.035592867203098455,
                -0.23758202807273449,
                -0.9707151630324464
            ]
        ],
        [
            [
                -0.5018021834979568,
                0.721426370842564,
                0.4772196141082326
            ],
            [
                -0.17401030602256895,
                -0.6246257306371956,
                0.7612904242297294
            ],
            [
                0.8472986380460049,
                0.29897606606361815,
                0.43897417906581704
            ]
        ],
        [
            [
                -0.5900430257180702,
                0.6691714270531334,
                0.45172871174759066
            ],
            [
                -0.23073100289792023,
                -0.6759301322728969,
                0.699915466743852
            ],
            [
                0.7737004795805575,
                0.3087524210451106,
                0.5532264548949173
            ]
        ],
        [
            [
                -0.5178025755960931,
                0.8312809204799662,
                -0.20212007310515254
            ],
            [
                0.7175512512427618,
                0.5506590251796828,
                0.4264913127229065
            ],
            [
                0.4658333334423366,
                0.07580678883939918,
                -0.8816193261379083
            ]
        ],
        [
            [
                -0.7443070306497588,
                0.661195797659847,
                0.09395297378102319
            ],
            [
                0.49446117307600806,
                0.45103457140606423,
                0.7430181449445539
            ],
            [
                0.44890443576070505,
                0.5994897268123172,
                -0.662643852307449
            ]
        ]
    ],
    "eef_pose_t": [
        [
            0.3971623325797507,
            0.6173907096505259,
            0.3866297781215373
        ],
        [
            0.38793128672909016,
            0.6185997043485494,
            0.38710944608897424
        ],
        [
            0.38265074764340273,
            0.6207150311085827,
            0.38143315432441843
        ],
        [
            0.36067271268924045,
            0.6297505191429724,
            0.37263536152024995
        ],
        [
            0.3567383744544971,
            0.6280011062752829,
            0.3677573158880215
        ],
        [
            0.34621392461421785,
            0.6296054792742802,
            0.3775493028029858
        ],
        [
            0.34984883859125193,
            0.5993186065452359,
            0.39941510767683974
        ],
        [
            0.3633884971511494,
            0.5960472226714741,
            0.42176743828390584
        ],
        [
            0.37451830724939905,
            0.603640223585695,
            0.43040183939000665
        ],
        [
            0.3865313708810173,
            0.6051910390822646,
            0.3919381633249091
        ],
        [
            0.22749594558233427,
            0.6649334599394325,
            0.34876969147809866
        ],
        [
            0.2375261483281743,
            0.6669408421885369,
            0.3654358104891332
        ],
        [
            0.20767431575733974,
            0.6888039351019661,
            0.32758040231113905
        ],
        [
            0.21303698235774346,
            0.6929378805165682,
            0.29917800876169703
        ],
        [
            0.21688436317917603,
            0.7016438226475842,
            0.30990485401720785
        ],
        [
            0.22173498591467766,
            0.7029206050974629,
            0.3762245432263592
        ],
        [
            0.2158866458075116,
            0.7012850280582221,
            0.3719831112435382
        ],
        [
            0.2017632271833459,
            0.702934355680278,
            0.3449617246665255
        ],
        [
            0.20648289927487457,
            0.7023320993231706,
            0.36826992068670783
        ],
        [
            0.20014424165467512,
            0.6912288227546962,
            0.428839248088731
        ],
        [
            0.19726202430264048,
            0.6834327787184842,
            0.45286633579538704
        ],
        [
            0.19863429863779758,
            0.6776187180416969,
            0.48566535594268606
        ],
        [
            0.2335845779053701,
            0.7229033455036872,
            0.43837508951476867
        ],
        [
            0.20951047489227426,
            0.7031092315939182,
            0.3993835941083326
        ],
        [
            0.1942846518797669,
            0.7019370283040809,
            0.3579653235229308
        ],
        [
            0.20218318770109422,
            0.7096123268838783,
            0.3314266571290963
        ],
        [
            0.21069620592514243,
            0.7167943050289044,
            0.3003806099632228
        ],
        [
            0.20911181111708388,
            0.7167229429017368,
            0.2857208877228334
        ],
        [
            0.21217619109760308,
            0.7223087255043057,
            0.2540043135869894
        ],
        [
            0.19905346402450988,
            0.7154973952591621,
            0.3006826674151144
        ],
        [
            0.04692290374276768,
            0.598302058707048,
            0.2932661294765698
        ],
        [
            0.03023230938371821,
            0.6006826566982967,
            0.3310961702908489
        ],
        [
            0.21436932495339486,
            0.5156939556894956,
            0.48067598069453527
        ],
        [
            0.20293368999729317,
            0.5037432424811383,
            0.3949399282856754
        ]
    ],
    "apriltag_pose_R": [
        [
            [
                0.9547714478382308,
                0.1330143864850018,
                -0.2659297940827744
            ],
            [
                -0.17109158217799536,
                0.9772327686093474,
                -0.12547424621785763
            ],
            [
                0.24318542904688692,
                0.165297576945725,
                0.9557915871962641
            ]
        ],
        [
            [
                0.9305675451929027,
                0.1577815665120611,
                -0.3303770892520468
            ],
            [
                -0.20532576550488169,
                0.9720173080140393,
                -0.11412135181890817
            ],
            [
                0.30312600326182704,
                0.17403255497216819,
                0.9369243811302863
            ]
        ],
        [
            [
                0.9013754873910442,
                0.1834502585696547,
                -0.3922604152362091
            ],
            [
                -0.24025688326703507,
                0.9654873521260531,
                -0.10055248841989342
            ],
            [
                0.36027608964982194,
                0.18487881305154844,
                0.9143418199509874
            ]
        ],
        [
            [
                0.8813189350636863,
                0.24126496774401218,
                -0.4062857984691201
            ],
            [
                -0.2933879656935154,
                0.9534083520079795,
                -0.07025678549185865
            ],
            [
                0.37040577247719864,
                0.18111799927370348,
                0.9110410715520242
            ]
        ],
        [
            [
                0.8382971595021564,
                0.2850084669170301,
                -0.4647881734255087
            ],
            [
                -0.33836502240343364,
                0.9404143048598492,
                -0.03361616915847809
            ],
            [
                0.42751255418354717,
                0.18544839983286937,
                0.884783536812755
            ]
        ],
        [
            [
                0.8155600691384746,
                0.30473286253557486,
                -0.4919346055297607
            ],
            [
                -0.3605808000432787,
                0.9325104677460627,
                -0.020142348030154314
            ],
            [
                0.4525961337296155,
                0.1938094683829797,
                0.8703991209198864
            ]
        ],
        [
            [
                0.7647027494628721,
                0.4238203287422129,
                -0.4853926595126534
            ],
            [
                -0.4678226813351347,
                0.8831638248683918,
                0.03411154162797933
            ],
            [
                0.44313840252490994,
                0.2009925058022686,
                0.8736305676995259
            ]
        ],
        [
            [
                0.6133237681157063,
                0.3782355539674539,
                -0.6933771132502751
            ],
            [
                -0.5227683539408574,
                0.8524707884289374,
                0.002608254840373747
            ],
            [
                0.5920702691254797,
                0.36087590746720566,
                0.7205701741172771
            ]
        ],
        [
            [
                0.8761664496943884,
                0.27325350925007186,
                -0.39707036166459503
            ],
            [
                -0.39877778817474907,
                0.8736736511555604,
                -0.27869450467306917
            ],
            [
                0.2707556612305389,
                0.402525615283094,
                0.8744509711542325
            ]
        ],
        [
            [
                0.8662179047326675,
                0.30502181775999315,
                -0.3957628484470691
            ],
            [
                -0.41250029115460074,
                0.8835154541580789,
                -0.22190978360859603
            ],
            [
                0.2819752672095863,
                0.35547451800970775,
                0.8911384941342442
            ]
        ],
        [
            [
                0.8352492805467415,
                0.4685875727703913,
                -0.28772265463689867
            ],
            [
                -0.5356873300158473,
                0.8115001878671678,
                -0.23346633494369945
            ],
            [
                0.12408756507661631,
                0.34913196894112153,
                0.9288213738155751
            ]
        ],
        [
            [
                0.8162242289980288,
                0.4021356766361396,
                -0.41480707030252995
            ],
            [
                -0.5143656196781075,
                0.832754558627589,
                -0.20481175351557884
            ],
            [
                0.26307036566236497,
                0.3805348113660087,
                0.8865592140680203
            ]
        ],
        [
            [
                0.7180499103359168,
                0.43142704752577365,
                -0.5461456114716805
            ],
            [
                -0.5807820016252534,
                0.8038375701782903,
                -0.12859792905807765
            ],
            [
                0.38353173643747696,
                0.4095312728389078,
                0.8277605594084547
            ]
        ],
        [
            [
                0.7192851448313827,
                0.4346434622469464,
                -0.5419538182824104
            ],
            [
                -0.5957060382627843,
                0.7872570169330332,
                -0.1592504482472817
            ],
            [
                0.3574397801059009,
                0.4373916437424123,
                0.8251820123961476
            ]
        ],
        [
            [
                0.8494109280842844,
                0.35648422751538156,
                -0.38912731950321505
            ],
            [
                -0.48512218036656624,
                0.8177153884422421,
                -0.3098354621749128
            ],
            [
                0.20774394183076494,
                0.4519519211570129,
                0.8675147927240786
            ]
        ],
        [
            [
                0.9322095656101131,
                0.24175729807574953,
                -0.2693301591209516
            ],
            [
                -0.3428644498671694,
                0.8282005273621472,
                -0.4433146235963174
            ],
            [
                0.11588483422038948,
                0.5056058695309762,
                0.8549464368564491
            ]
        ],
        [
            [
                0.8366333757917497,
                0.27421829459587627,
                -0.47418237147771614
            ],
            [
                -0.46273022678961295,
                0.8170680054136427,
                -0.3439194843922114
            ],
            [
                0.2931302299772832,
                0.5071530355211337,
                0.8104754572688581
            ]
        ],
        [
            [
                0.8072502363512544,
                0.3362792762251196,
                -0.4850394873537147
            ],
            [
                -0.5150377478145645,
                0.802709387772939,
                -0.30065554561207475
            ],
            [
                0.2882415206679036,
                0.4925179054234505,
                0.8211838640647728
            ]
        ],
        [
            [
                0.8088110685032687,
                0.29145701798376256,
                -0.5107616490444572
            ],
            [
                -0.49513125664552354,
                0.8061196555788811,
                -0.3240619378791826
            ],
            [
                0.31728487855431325,
                0.5149989393750236,
                0.796307979542699
            ]
        ],
        [
            [
                0.8796153865617781,
                0.2642359062698475,
                -0.39554539254240717
            ],
            [
                -0.4346442651478823,
                0.7843389975780997,
                -0.4426021911968346
            ],
            [
                0.1932902855754317,
                0.5612412339769187,
                0.8047652718564797
            ]
        ],
        [
            [
                0.8846923869646696,
                0.26708550180546664,
                -0.38207946185587893
            ],
            [
                -0.43485492957343785,
                0.768162843671697,
                -0.46992237212958143
            ],
            [
                0.16798979335791914,
                0.5818858825642143,
                0.795731266823184
            ]
        ],
        [
            [
                0.8839192187779927,
                0.20726930451037673,
                -0.41919714942099384
            ],
            [
                -0.41474613567823654,
                0.7615818593867969,
                -0.49797461219716754
            ],
            [
                0.21603809297175394,
                0.6140297279942839,
                0.7591409852750631
            ]
        ],
        [
            [
                0.7209817732438486,
                -0.09658389078945631,
                -0.686190086412013
            ],
            [
                -0.32135694287209743,
                0.8307161822268816,
                -0.45457710001087176
            ],
            [
                0.6139340338489591,
                0.5482537520403895,
                0.5678933222495051
            ]
        ],
        [
            [
                0.6598762612669293,
                0.3188193558304264,
                -0.6803804363473795
            ],
            [
                -0.608390055028592,
                0.7581051650505779,
                -0.23481503287895045
            ],
            [
                0.4409363454725471,
                0.5688855570951928,
                0.6942221273985774
            ]
        ],
        [
            [
                0.7289254245369727,
                0.41899619295041735,
                -0.5413962650006474
            ],
            [
                -0.6266518451079794,
                0.7267801500219266,
                -0.28124380625512674
            ],
            [
                0.27563597458669814,
                0.5442727292701368,
                0.7923332668053751
            ]
        ],
        [
            [
                0.7844449691929809,
                0.3870255629362387,
                -0.48462078364604816
            ],
            [
                -0.5781409874685056,
                0.7391726357554227,
                -0.3455094979292497
            ],
            [
                0.22449741405362278,
                0.5512123258638801,
                0.8035955966149689
            ]
        ],
        [
            [
                0.7881537107478525,
                0.36786815320938016,
                -0.49344376588291256
            ],
            [
                -0.5650319205213402,
                0.7503439330228935,
                -0.3431077250189819
            ],
            [
                0.24403413086360773,
                0.5492331053660691,
                0.7992436042556663
            ]
        ],
        [
            [
                0.8449034005831442,
                0.3722688469919721,
                -0.3841277772334436
            ],
            [
                -0.5202443143403532,
                0.7389157645984318,
                -0.4281931179087901
            ],
            [
                0.12443511192414311,
                0.561622113513333,
                0.8179831933073215
            ]
        ],
        [
            [
                0.8499893822840472,
                0.3484279360680566,
                -0.3951152026583357
            ],
            [
                -0.5019906562658563,
                0.7631698015897703,
                -0.40691182701318224
            ],
            [
                0.15976054276997875,
                0.5442148723700827,
                0.8235937965192892
            ]
        ],
        [
            [
                0.7355905377277612,
                0.3890627244380668,
                -0.5545599672336722
            ],
