{
    "joints": [
        [
            -0.3810446996712499,
            -0.23775082705301478,
            0.01893713935039499,
            -2.406567839775704,
            -0.06228072519133745,
            2.029130779153136,
            2.8089563653354053
        ],
        [
            -0.378655092421108,
            -0.2636302703533191,
            0.04846156310318741,
            -2.4037364874530494,
            -0.07289330342034485,
            1.9676284904277048,
            2.804364559181647
        ],
        [
            -0.8887574525921696,
            -0.30491125598619895,
            0.04806938381086186,
            -2.2782035017833384,
            -0.06936008905236808,
            1.8788850413079567,
            2.804362272404799
        ],
        [
            -0.888736118411804,
            -0.26220927087011964,
            0.04716836743664832,
            -2.282439190526023,
            -0.06946310935613915,
            1.8513764931217476,
            2.8043620285717448
        ],
        [
            -0.8837081069638316,
            -0.34810806942165046,
            0.06639855423837847,
            -2.3075364404475973,
            -0.0806252897254213,
            1.896609206379243,
            2.804363214877896
        ],
        [
            -0.8841365738168855,
            -0.35867048439939,
            0.06558525330226353,
            -2.3557196558465456,
            -0.08058548675038871,
            2.0274198900647273,
            2.8043689206961955
        ],
        [
            -0.8850490069111291,
            -0.3181599500057084,
            0.060095585062689444,
            -2.381953132900979,
            -0.080397176378464,
            2.006674532815135,
            2.8043679788207325
        ],
        [
            -0.8840333180012021,
            -0.37769938530731145,
            0.07694472227003954,
            -2.4965672029591714,
            -0.08565080888720024,
            2.1921327944378928,
            2.8043634945829488
        ],
        [
            -0.8845925776716584,
            -0.36364462838144307,
            0.07096057987341221,
            -2.4876012036000397,
            -0.08210987403139225,
            2.146154532947258,
            2.7984238833149306
        ],
        [
            -0.8854250107191284,
            -0.33087706445161774,
            0.06397231829174327,
            -2.5049959667794566,
            -0.08226741700329214,
            2.116862854259428,
            2.798426345753832
        ],
        [
            -0.8870793903402167,
            -0.34237058837942647,
            0.09886093641378663,
            -2.676944224559482,
            -0.0921296723180906,
            2.4399158157839786,
            2.7984262849073054
        ],
        [
            -1.013221839314439,
            -0.38978595617477263,
            0.0990815077684136,
            -2.6750530335430764,
            -0.0881039245088833,
            2.326091425634911,
            2.798423924024335
        ],
        [
            -1.0084504190433097,
            -0.3870518922375308,
            0.09974759439826512,
            -2.6747950859693046,
            -0.0888106440895205,
            2.2797178533319604,
            2.6267492170647313
        ],
        [
            -1.0107087090726912,
            -0.49091925915267015,
            0.12137103204151181,
            -2.504860192281007,
            -0.0914522848148249,
            1.9495711057806104,
            2.6469378190601427
        ],
        [
            -1.0164607978318116,
            -0.6057197382074512,
            0.16938731402575513,
            -2.519555531796284,
            -0.10389400024072323,
            1.9901610782497776,
            2.6470315631909265
        ],
        [
            -1.0139764978146777,
            -0.5997867257777441,
            0.16933721039986183,
            -2.5162830834246135,
            -0.10391716677680195,
            1.9196525393129684,
            2.5823756518936616
        ],
        [
            -1.0140163278732384,
            -0.6226860587287371,
            0.16925730706862152,
            -2.4910638447153683,
            -0.10392367979525347,
            1.7968784340785666,
            2.583834562383108
        ],
        [
            -1.0140148495023797,
            -0.6172214215545091,
            0.16924362088852565,
            -2.4961566741176076,
            -0.10391798820176092,
            1.7579654975598,
            2.5840197572493353
        ],
        [
            -0.9910152917523137,
            -0.6732356911654244,
            0.1952961954084371,
            -2.508235485615322,
            -0.10421549853432895,
            1.7165341511547565,
            2.628426168164502
        ],
        [
            -0.9888270811772095,
            -0.6746424799021357,
            0.19566915967840523,
            -2.5080835678908486,
            -0.10422978542699778,
            1.6881395025044823,
            2.565865046321617
        ],
        [
            -0.9700507349245683,
            -0.7808117446881603,
            0.3565713999270791,
            -2.7001912441065077,
            -0.10323345694189244,
            1.8216386790409065,
            2.6461114830448196
        ],
        [
            -0.9678205288723559,
            -0.7675144745931494,
            0.4027175185183048,
            -2.7651469533699418,
            -0.10323101370449855,
            1.819143024559899,
            2.6470429464718612
        ],
        [
            -0.9575441612825862,
            -0.7571728301472427,
            0.40297166160805514,
            -2.763321855667632,
            -0.10333207798660299,
            1.8066486836088975,
            2.5492288409633743
        ],
        [
            -0.9301700780948845,
            -0.7501560343748015,
            0.40565974742822264,
            -2.76218231979355,
            -0.10585354589946633,
            1.8240066884903832,
            2.288829126714628
        ],
        [
            -0.8406830717482692,
            -0.8986363563216972,
            0.529670392017941,
            -2.769860648248348,
            -0.11578813323956243,
            1.7537074297033564,
            2.4374493385767453
        ],
        [
            -1.3230553740727231,
            -0.27581542121318603,
            0.5293384602523823,
            -2.540898564284012,
            -0.14385923202518192,
            1.9473635831830434,
            2.727197052072803
        ],
        [
            -1.3215449055065975,
            -0.27553326905077125,
            0.5276106373034902,
            -2.5408446555182724,
            -0.14385459246246388,
            1.8892414628306438,
            2.798337958573426
        ],
        [
            -1.235821694485458,
            -0.38841514727409243,
            0.5285261611588115,
            -2.585347217385754,
            -0.14383766667278858,
            1.8095788330702258,
            2.798332240121372
        ],
        [
            -1.19189702646334,
            -0.3750116149132111,
            0.5355983962677034,
            -2.5823790030223193,
            -0.20250328557718483,
            1.8080216329230636,
            2.6400640721543587
        ],
        [
            -1.175364355321286,
            -0.31081330378250066,
            0.5703977629072593,
            -2.615907959941217,
            -0.20610730564258833,
            1.8429754476763802,
            2.8188087995770488
        ],
        [
            -1.1674006300106785,
            -0.27291400899958346,
            0.5748427907389094,
            -2.5498835263790234,
            -0.20610474336303358,
            1.7764806805337598,
            2.8188039120156683
        ],
        [
            -1.1650505939221762,
            -0.7454818338283562,
            0.34990066126943903,
            -2.6218675737044266,
            0.293986651608195,
            2.1090770162658887,
            2.5678627748694196
        ],
        [
            -1.1674679684891558,
            -0.6496281784810162,
            0.39824397210305884,
            -2.7238298282078603,
            0.052038994725452654,
            1.9822986075013058,
            2.6350624419795485
        ],
        [
            -1.1809069672813015,
            -0.5965751820295133,
            0.4261472822619835,
            -2.7447372460079604,
            0.04714140135791704,
            1.9959301599385841,
            2.6472672948506726
        ],
        [
            -1.1640323387640925,
            -0.5988533827744386,
            0.42638579832832757,
            -2.74071719614901,
            0.04167155402317326,
            1.9731679242055224,
            2.466477621361537
        ],
        [
            -1.13082366879005,
            -0.6840703958268414,
            0.5264891423630759,
            -2.812041592700642,
            -0.02905479183080699,
            2.1405221866837625,
            2.6457721076238774
        ],
        [
            -1.154003407438221,
            -0.6710079404022057,
            0.5583686321969409,
            -2.863723994249406,
            -0.029254561159138437,
            2.219639412333444,
            2.6464199369470522
        ],
        [
            -1.1768096409428264,
            -0.6452463705667836,
            0.5793606572319026,
            -2.880872762173399,
            -0.029567587229794523,
            2.2188860468835943,
            2.6452318785921536
        ],
        [
            -1.21570391130459,
            -0.6049542324946736,
            0.6527733644120629,
            -2.886720381380958,
            -0.029558324167214996,
            2.232157363423601,
            2.646785597112378
        ],
        [
            -1.2453446369851284,
            -0.5566636571183093,
            0.7614856737155596,
            -2.920041389291748,
            -0.030287242854211156,
            2.294811450982458,
            2.7486555071703873
        ],
        [
            -1.3141704052482552,
            -0.41061223013597875,
            0.8447749545496711,
            -2.8311656102736036,
            -0.05077913653608947,
            2.277264621712632,
            2.8054986129599446
        ],
        [
            -1.281357589746149,
            -0.9158028765758374,
            0.9386213393704025,
            -2.78432018689218,
            -0.04906866363233382,
            2.278894854901923,
            2.2295019927573487
        ],
        [
            -1.3726099217897343,
            -0.8740040086682374,
            0.9903276483670593,
            -2.6423641905373145,
            -0.052941222761005935,
            1.9159265676426698,
            2.42961748675018
        ],
        [
            -1.5034714827811593,
            -0.7864856574656118,
            1.0998888948543526,
            -2.5041927380796993,
            -0.052965486995184684,
            1.77261230585764,
            2.461816508630608
        ],
        [
            -1.6222822519930988,
            -0.7626533166287011,
            1.225993342933243,
            -2.4120977036743594,
            -0.05294756739317347,
            1.6748234609069956,
            2.4611423468289
        ],
        [
            -1.4844487637345116,
            -0.9658710599896269,
            1.012792144068223,
            -2.5151330773697738,
            0.13923280450130404,
            1.7796419520421913,
            2.544047051306949
        ],
        [
            -1.3879446291724458,
            -1.030566085706952,
            1.0505656005159818,
            -2.512172200064275,
            0.13797618834616499,
            1.6949036781353566,
            2.606193367043928
        ],
        [
            -1.9991631640093588,
            -0.8873362290848674,
            1.28322077799494,
            -2.4525463259817384,
            0.1353258108063892,
            2.2929570678103963,
            2.5557135394782007
        ],
        [
            -2.1075264969553915,
            -0.7617923865455439,
            1.2788432260562475,
            -2.3902207983294637,
            0.14237847846629853,
            2.13791933435065,
            2.2705846686221127
        ],
        [
            -2.2574904621337955,
            -0.7082642824556858,
            1.327338804105627,
            -2.338502089737918,
            0.14239136357949966,
            2.10271064906577,
            2.172401317326503
        ],
        [
            -2.4052990605159668,
            -0.699590724328929,
            1.3860671296746825,
            -2.286342466905128,
            0.1423935176519167,
            2.120989027421784,
            2.119155061411632
        ],
        [
            -2.4128018449376336,
            -0.7163941146007934,
            1.3869383834906293,
            -2.268391523265624,
            0.14165756569331975,
            1.9072076476693247,
            2.2605682166444656
        ],
        [
            -2.5336217462975013,
            -0.7165757081101489,
            1.440671845298,
            -2.2256315656997647,
            0.1416530359853006,
            1.9278530595901353,
            2.2183696777354505
        ],
        [
            -2.6230723457919587,
            -0.7188334821048853,
            1.4802309894665875,
            -2.186435656163052,
            0.14165581702231417,
            1.8862407566298887,
            2.1452726569983676
        ],
        [
            -2.5637716770468626,
            -0.7645761682704256,
            1.4026846244965203,
            -2.171587093997779,
            0.14163287423893606,
            1.8466179543314631,
            2.146717879237491
        ],
        [
            -2.5438199024840475,
            -0.7813492777298685,
            1.360624895128789,
            -2.133438979649689,
            0.1346796542071041,
            1.747290262834671,
            2.1355352755825088
        ]
    ],
    "eef_pose_R": [
        [
            [
                -0.9885834652617073,
                -0.0016945429011665514,
                -0.1506647295670453
            ],
            [
                -0.0006091128730483786,
                0.9999735319354862,
                -0.007250131721345421
            ],
            [
                0.15067302742250394,
                -0.0070755885143978375,
                -0.9885583315386665
            ]
        ],
        [
            [
                -0.9815270974305941,
                -0.03945213133736464,
                -0.18721134138297363
            ],
            [
                -0.03641212054940268,
                0.9991436340107116,
                -0.019650854764234407
            ],
            [
                0.1878262880604542,
                -0.012471084508116917,
                -0.9821230867689765
            ]
        ],
        [
            [
                -0.8788633972189216,
                0.46112158735439646,
                -0.12233564772615402
            ],
            [
                0.4627477888125282,
                0.8863366641415364,
                0.016486410997211487
            ],
            [
                0.11603280992000471,
                -0.0421212473012694,
                -0.9923518466490872
            ]
        ],
        [
            [
                -0.8702236156274803,
                0.46237451073068664,
                -0.17006078510577702
            ],
            [
                0.4568704169539575,
                0.8865658439992397,
                0.07259770221041809
            ],
            [
                0.18433741051819066,
                -0.014519506894996655,
                -0.9827557697632582
            ]
        ],
        [
            [
                -0.8922130643333993,
                0.4367850203630197,
                -0.11478106908058386
            ],
            [
                0.44183787005650954,
                0.8968324759686547,
                -0.021698078990064124
            ],
            [
                0.09346199450435572,
                -0.07007393263124745,
                -0.993153814647489
            ]
        ],
        [
            [
                -0.9000168843722589,
                0.4331189252734406,
                -0.04876068513496973
            ],
            [
                0.4358158787846176,
                0.8957861100680513,
                -0.08735997257520484
            ],
            [
                0.005841887027617624,
                -0.09987613117821871,
                -0.9949827288836866
            ]
        ],
        [
            [
                -0.8936397798710846,
                0.43622543857505747,
                -0.10542917324895565
            ],
            [
                0.44052716197064334,
                0.897505980286198,
                -0.020465456667299875
            ],
            [
                0.08569576067723561,
                -0.0647331606714007,
                -0.9942162010908093
            ]
        ],
        [
            [
                -0.9105939696022892,
                0.4128061568108002,
                -0.02024103315156006
            ],
            [
                0.4120949589861156,
                0.903104609137996,
                -0.12074688290775537
            ],
            [
                -0.031565286347145345,
                -0.11829261115050456,
                -0.9924769472612542
            ]
        ],
        [
            [
                -0.9082346314958346,
                0.4150966722039295,
                -0.0529585392250303
            ],
            [
                0.41821558249890767,
                0.904739273127597,
                -0.08088618062219788
            ],
            [
                0.014338085880792974,
                -0.09561171678079475,
                -0.9953154368879766
            ]
        ],
        [
            [
                -0.9012460638176377,
                0.42041668671882304,
                -0.10490634862381643
            ],
            [
                0.424610271287978,
                0.9051464663852631,
                -0.020395879657952865
            ],
            [
                0.08638084260971542,
                -0.06292601940881817,
                -0.9942729334098341
            ]
        ],
        [
            [
                -0.927786464712457,
                0.3730218067114056,
                0.008185817865054457
            ],
            [
                0.36830252395833263,
                0.9191187812193731,
                -0.1399068149009765
            ],
            [
                -0.05971203180501317,
                -0.12678879180579428,
                -0.9901308375816522
            ]
        ],
        [
            [
                -0.8685392952851725,
                0.49243609492615315,
                -0.056090863421921044
            ],
            [
                0.49561563385633634,
                0.8634427022388076,
                -0.09397788797226486
            ],
            [
                0.002153142521461912,
                -0.10942299742022432,
                -0.9939929434421835
            ]
        ],
        [
            [
                -0.9389013504874408,
                0.33278446937102896,
                -0.087856422635469
            ],
            [
                0.33830718075136657,
                0.939269752586342,
                -0.05762450284777948
            ],
            [
                0.0633443407489705,
                -0.08382618219765368,
                -0.9944650148060733
            ]
        ],
        [
            [
                -0.9210581949598862,
                0.3586272937861959,
                -0.1517836145597605
            ],
            [
                0.367732220935425,
                0.9292375399597045,
                -0.035925033271195894
            ],
            [
                0.12815933513847577,
                -0.08890477198230866,
                -0.9877606624763096
            ]
        ],
        [
            [
                -0.9410300513154846,
                0.3231527224923918,
                -0.10017365156033667
            ],
            [
                0.33642443460625504,
                0.9251143456564231,
                -0.1760171788790793
            ],
            [
                0.03579165155505062,
                -0.19933831896161708,
                -0.9792768721217296
            ]
        ],
        [
            [
                -0.9532108388841258,
                0.26351748057932256,
                -0.14814733903431196
            ],
            [
                0.2820039534073469,
                0.9516634410151339,
                -0.12169825511428486
            ],
            [
                0.10891678886401306,
                -0.15778223114267634,
                -0.9814488782607022
            ]
        ],
        [
            [
                -0.9392635336285936,
                0.2780180597941108,
                -0.20122120371334162
            ],
            [
                0.2965166834566098,
                0.9526103211629533,
                -0.06790752863790503
            ],
            [
                0.17280587613683895,
                -0.12344850927465054,
                -0.9771891294577758
            ]
        ],
        [
            [
                -0.9307200529905746,
                0.28246730297698497,
                -0.23231961972706988
            ],
            [
                0.2971383975027612,
                0.9543620722973789,
                -0.030030113049139814
            ],
            [
                0.21323450867698085,
                -0.09698070792256086,
                -0.972175800254319
            ]
        ],
        [
            [
                -0.9243262386230987,
                0.2892147128772926,
                -0.24894950180343736
            ],
            [
                0.31154806084386233,
                0.9486572638502171,
                -0.054655297352120026
            ],
            [
                0.22036063708680714,
                -0.1280790599572187,
                -0.9669730834015867
            ]
        ],
        [
            [
                -0.935243948544197,
                0.23250024415613646,
                -0.26695016984223247
            ],
            [
                0.25069843831940936,
                0.9674050586539811,
                -0.03574556636699462
            ],
            [
                0.2499380918060894,
                -0.10035481532056546,
                -0.9630471750160041
            ]
        ],
        [
            [
                -0.9343519877911735,
                0.1601436163925869,
                -0.3183400462389028
            ],
            [
                0.22348179572595533,
                0.9591557777765145,
                -0.17342456843547827
            ],
            [
                0.2775648570871051,
                -0.23318279543446913,
                -0.9319782905323393
            ]
        ],
        [
            [
                -0.9109032123610028,
                0.1252992586632659,
                -0.39313538824283123
            ],
            [
                0.1972950264480245,
                0.9690656337820769,
                -0.14827835297647085
            ],
            [
                0.36239482646594023,
                -0.21263088487088988,
                -0.907445919352632
            ]
        ],
        [
            [
                -0.9138648021025684,
                0.02689100409417222,
                -0.4051271372999356
            ],
            [
                0.09030642791844073,
                0.9862725849620373,
                -0.13824303681890304
            ],
            [
                0.39584829487398965,
                -0.16292103010694572,
                -0.9037482311984055
            ]
        ],
        [
            [
                -0.8862851965120961,
                -0.24480139816024288,
                -0.39315496423459456
            ],
            [
                -0.19668065787791705,
                0.9674833365615811,
                -0.15903682684328196
            ],
            [
                0.4193033141536384,
                -0.06362600831782941,
                -0.90561385910625
            ]
        ],
        [
            [
                -0.881087378527946,
                -0.2589018116356452,
                -0.39579651758262463
            ],
            [
                -0.11906727660611943,
                0.9313328065629556,
                -0.34415430705015193
            ],
            [
                0.4577204551255645,
                -0.2561036027691709,
                -0.851412314691476
            ]
        ],
        [
            [
                -0.8481009802391525,
                0.31920061584526016,
                -0.4228896950286153
            ],
            [
                0.3219164445940803,
                0.9443784590937377,
                0.06722446503798848
            ],
            [
                0.42082600919773855,
                -0.07912201238431604,
                -0.9036842242392865
            ]
        ],
        [
            [
                -0.799244807572638,
                0.38748713549670843,
                -0.4594142546686295
            ],
            [
                0.383433962843748,
                0.9173846518859423,
                0.10669487626895457
            ],
            [
                0.46280247806825336,
                -0.09087970240193227,
                -0.8817906474811467
            ]
        ],
        [
            [
                -0.7921515663444809,
                0.32724158118444047,
                -0.5151784578977394
            ],
            [
                0.35158065834097496,
                0.9346509282971008,
                0.05309126965796082
            ],
            [
                0.49888569494275165,
                -0.13907044897200463,
                -0.8554370073852386
            ]
        ],
        [
            [
                -0.8265828588503323,
                0.10986532477751737,
                -0.5519876700310814
            ],
            [
                0.1380534818065141,
                0.9903781551720299,
                -0.009609678410096884
            ],
            [
                0.5456207598835567,
                -0.08414701521490625,
                -0.8337968974603541
            ]
        ],
        [
            [
                -0.7908235349002934,
                0.19490939211455974,
                -0.580179683816434
            ],
            [
                0.23572022523420616,
                0.9718071906954674,
                0.0051729612523847834
            ],
            [
                0.5648310473613678,
                -0.13266918624200705,
                -0.8144720835968193
            ]
        ],
        [
            [
                -0.7802832604800045,
                0.18994101322389623,
                -0.5958862684356583
            ],
            [
                0.21905173337610034,
                0.9754160537153381,
                0.024080287774906117
            ],
            [
                0.5858108666793571,
                -0.11174047453754654,
                -0.8027077269034506
            ]
        ],
        [
            [
                -0.8939859311868861,
                0.4225962791694877,
                0.14900181096892964
            ],
            [
                0.4013674741921822,
                0.9030396774317615,
                -0.15304735098827515
            ],
            [
                -0.19923178837852223,
                -0.07701769807027911,
                -0.9769211681008101
            ]
        ],
        [
            [
                -0.9069911711167182,
                0.3559072028617425,
                -0.22516011739971648
            ],
            [
                0.3708793969000563,
                0.9282991562577517,
                -0.026629860048383525
            ],
            [
                0.19953818800263348,
                -0.1076602964991104,
                -0.9739577876306289
            ]
        ],
        [
            [
                -0.8962080161563678,
                0.3537904539037791,
                -0.2676630465783896
            ],
            [
                0.3633064200928325,
                0.931551291183296,
                0.014853855191983623
            ],
            [
                0.25459700881274655,
                -0.08393155914965414,
                -0.963398077890085
            ]
        ],
        [
            [
                -0.9440571752019247,
                0.17004936178831964,
                -0.28255842671056175
            ],
            [
                0.17172331548191,
                0.9849615132875187,
                0.019024202013785796
            ],
            [
                0.28154422897595155,
                -0.03056193543848454,
                -0.959061424118701
            ]
        ],
        [
            [
                -0.9498981486510972,
                0.16642013262952482,
                -0.2645710616163261
            ],
            [
                0.22776398938684433,
                0.9482376197098521,
                -0.2212893619349646
            ],
            [
                0.2140492287484538,
                -0.2704621156882524,
                -0.9386336727656996
            ]
        ],
        [
            [
                -0.9518080903512547,
                0.15436087282554883,
                -0.2650171316772422
            ],
            [
                0.2191593279901588,
                0.9468077471342183,
                -0.2356359032947395
            ],
            [
                0.21454730969368957,
                -0.2823611356174227,
                -0.9350088988860157
            ]
        ],
        [
            [
                -0.9411197328766001,
                0.15503337925818256,
                -0.3004301910695151
            ],
            [
                0.22243101266813392,
                0.9531720213076254,
                -0.2049086196326654
            ],
            [
                0.25459397674278417,
                -0.25966853700848,
                -0.9315332296242416
            ]
        ],
        [
            [
                -0.9320855668045329,
                0.12155101012471431,
                -0.341235766138801
            ],
            [
                0.19704544380837202,
                0.96059033647176,
                -0.19605942607136423
            ],
            [
                0.30395655812802336,
                -0.24998311425920886,
                -0.9193034609726176
            ]
        ],
        [
            [
                -0.9188373890393758,
                0.13256018718123064,
                -0.3717064019865411
            ],
            [
                0.2230941389654318,
                0.9514261310978385,
                -0.2121728592998439
            ],
            [
                0.32552551000278845,
                -0.27787787576321354,
                -0.9037793029820658
            ]
        ],
        [
            [
                -0.9097615360169451,
                0.13412866480857283,
                -0.3928656880675109
            ],
            [
                0.20764697280971794,
                0.9664983696571865,
                -0.1508762278590005
            ],
            [
                0.3594672200174162,
                -0.21883875965347238,
                -0.9071344525517044
            ]
        ],
        [
            [
                -0.851914460103792,
                -0.46480026871619107,
                -0.2412518660392518
            ],
            [
                -0.22478754299041237,
                0.740649496974205,
                -0.6331736595501984
            ],
            [
                0.4729823603290067,
                -0.48517938211883394,
                -0.7354513267269209
            ]
        ],
        [
            [
                -0.8421010517464356,
                -0.20637059571604477,
                -0.49827401685353007
            ],
            [
                0.06494039847279082,
                0.8783710318654108,
                -0.47354733134702454
            ],
            [
                0.5353957072051869,
                -0.4311328189821535,
                -0.7262753810385971
            ]
        ],
        [
            [
                -0.7891658484712953,
                -0.1589076556930754,
                -0.5932669050003646
            ],
            [
                0.10553506873252133,
                0.9164975062311482,
                -0.38586872163950825
            ],
            [
                0.6050451329233238,
                -0.36712488070712035,
                -0.7064982017610378
            ]
        ],
        [
            [
                -0.72681065155973,
                -0.1583058727341528,
                -0.6683453653891817
            ],
            [
                0.11807473479427738,
                0.9297909470757855,
                -0.3486361308573377
            ],
            [
                0.6766126172209483,
                -0.3323071551949971,
                -0.6570900401190285
            ]
        ],
        [
            [
                -0.8832896113205536,
                0.09244942229716407,
                -0.4596222001275677
            ],
            [
                0.2902200827682408,
                0.8777659428234291,
                -0.3811813914362716
            ],
            [
                0.36820071440884083,
                -0.4700851560475157,
                -0.802152217457885
            ]
        ],
        [
            [
                -0.8712508768434988,
                0.054272504991363324,
                -0.4878282533857555
            ],
            [
                0.29524226969593903,
                0.8519156038342102,
                -0.43251798358979626
            ],
            [
                0.3921146666272825,
                -0.520859193204608,
                -0.7582557543929489
            ]
        ],
        [
            [
                -0.9121165114735523,
                0.13352299352533092,
                -0.3875759018532393
            ],
            [
                0.34897329030282376,
                0.7489865879982233,
                -0.5632377239265858
            ],
            [
                0.21508396535432026,
                -0.6489920655900303,
                -0.7297589921670355
            ]
        ],
        [
            [
                -0.896524028898181,
                0.028361453901462053,
                -0.4420862964860692
            ],
            [
                0.20368500874180984,
                0.912596282513424,
                -0.35451437538769537
            ],
            [
                0.39339176760835026,
                -0.40787700728929804,
                -0.8239412989422874
            ]
        ],
        [
            [
                -0.8856179380579579,
                0.03820820120071444,
                -0.46284014643392457
            ],
            [
                0.17822415297564204,
                0.9482633240556271,
                -0.2627409742447639
            ],
            [
                0.42885547575621097,
                -0.31517741291529516,
                -0.8466086340818498
            ]
        ],
        [
            [
                -0.8793447781817861,
                0.0502180428005638,
                -0.4735302622448815
            ],
            [
                0.18797828241433562,
                0.9502693351652922,
                -0.2482989246554836
            ],
            [
                0.43751220145840697,
                -0.307353768191955,
                -0.8450542791757369
            ]
        ],
        [
            [
                -0.7917036801237203,
                0.25214959221723277,
                -0.5564403526194353
            ],
            [
                0.34808685373242804,
                0.9347168450151099,
                -0.07169352762738271
            ],
            [
                0.5020366770836744,
                -0.25044960129671245,
                -0.8277887242969068
            ]
        ],
        [
            [
                -0.7874496681421884,
                0.25704760347135236,
                -0.5602227679168277
            ],
            [
                0.35007434121308856,
                0.9345841700577266,
                -0.06324859446448067
            ],
            [
                0.5073174309709645,
                -0.2459247011325715,
                -0.8259237650085365
            ]
        ],
        [
            [
                -0.7791718666987174,
                0.25041264860627477,
                -0.5746170094621519
            ],
            [
                0.31202939320851353,
                0.9500289293071625,
                -0.009093473121595363
            ],
            [
                0.5436256615716033,
                -0.18638277521669394,
                -0.8183719210623982
            ]
        ],
        [
            [
                -0.7660508801938835,
                0.25787157025238816,
                -0.5887854466694503
            ],
            [
                0.3473826911644171,
                0.9367967694131204,
                -0.04167827607409061
            ],
            [
                0.5408246618207639,
                -0.2364615530539978,
                -0.8072141098207761
            ]
        ],
        [
            [
                -0.7459766343263576,
                0.28347063633563807,
                -0.6026302841498988
            ],
            [
                0.3578221298885741,
                0.9337824513069397,
                -0.0036955369308706854
            ],
            [
                0.5616780077598943,
                -0.218391236011593,
                -0.7980119570734544
            ]
        ]
    ],
    "eef_pose_t": [
        [
            0.412080543925353,
            -0.15985898073018204,
            0.3934884021089955
        ],
        [
            0.4088483896597568,
            -0.14495817642209888,
            0.4017132306364195
        ],
        [
            0.2951159036425776,
            -0.3360400810277095,
            0.4700524264126629
        ],
        [
            0.29525939431542075,
            -0.337606457733813,
            0.4470035236306673
        ],
        [
            0.2963336197853109,
            -0.32227818508177264,
            0.4768362271348933
        ],
        [
            0.29930280740861914,
            -0.32465941646353447,
            0.46995268985006616
        ],
        [
            0.29473340983516555,
            -0.32514133947007096,
            0.43814197781071196
        ],
        [
            0.29318419255777,
            -0.31009279344188895,
            0.4270258819274607
        ],
        [
            0.2898611942018009,
            -0.3113452234428876,
            0.4210149999326237
        ],
        [
            0.2834653532158463,
            -0.3103871575388305,
            0.3968646430329149
        ],
        [
            0.28424641182880483,
            -0.2883556211990618,
            0.35461548068547805
        ],
        [
            0.23719692992092067,
            -0.3131542611873961,
            0.3635115060175
        ],
        [
            0.23542376565925555,
            -0.308561503507901,
            0.3584424714079565
        ],
        [
            0.2401588814447343,
            -0.3041801222263668,
